# 3ds Max Wavefront OBJ Exporter v0.97b - (c)2007 guruware
# 作成したファイル : 11.10.2017 00:23:42

mtllib test.mtl

#
# object 001空
#

v  -12912.1924 3622.7080 -14774.9121
v  -10042.8184 3622.7080 -14774.9121
v  -10042.8184 6205.1431 -14774.9121
v  -12912.1924 6205.1431 -14774.9121
v  -7173.4390 3622.7080 -14774.9121
v  -7173.4390 6205.1431 -14774.9121
v  -4304.0615 3622.7080 -14774.9121
v  -4304.0615 6205.1431 -14774.9121
v  -1434.6887 3622.7080 -14774.9121
v  -1434.6887 6205.1431 -14774.9121
v  1434.6884 3622.7080 -14774.9121
v  1434.6884 6205.1431 -14774.9121
v  4304.0596 3622.7080 -14774.9121
v  4304.0596 6205.1431 -14774.9121
v  7173.4380 3622.7080 -14774.9121
v  7173.4380 6205.1431 -14774.9121
v  10042.8184 3622.7080 -14774.9121
v  10042.8184 6205.1431 -14774.9121
v  12912.1924 3622.7080 -14774.9121
v  12912.1924 6205.1431 -14774.9121
v  -12912.1924 1040.2689 -14774.9121
v  -10042.8184 1040.2689 -14774.9121
v  -7173.4390 1040.2689 -14774.9121
v  -4304.0615 1040.2689 -14774.9121
v  -1434.6887 1040.2689 -14774.9121
v  1434.6884 1040.2689 -14774.9121
v  4304.0596 1040.2689 -14774.9121
v  7173.4380 1040.2689 -14774.9121
v  10042.8184 1040.2689 -14774.9121
v  12912.1924 1040.2689 -14774.9121
v  -12912.1924 -1542.1682 -14774.9121
v  -10042.8184 -1542.1682 -14774.9121
v  -7173.4390 -1542.1682 -14774.9121
v  -4304.0615 -1542.1682 -14774.9121
v  -1434.6887 -1542.1682 -14774.9121
v  1434.6884 -1542.1682 -14774.9121
v  4304.0596 -1542.1682 -14774.9121
v  7173.4380 -1542.1682 -14774.9121
v  10042.8184 -1542.1682 -14774.9121
v  12912.1924 -1542.1682 -14774.9121
# 40 vertices

vn 0.0000 0.0000 1.0000
# 1 vertex normals

vt -0.1476 0.8081 -17266.6777
vt -0.0037 0.8081 -17266.6777
vt -0.0037 1.0672 -17266.6777
vt -0.1476 1.0672 -17266.6777
vt 0.1402 0.8081 -17266.6777
vt 0.1402 1.0672 -17266.6777
vt 0.2841 0.8081 -17266.6777
vt 0.2841 1.0672 -17266.6777
vt 0.4280 0.8081 -17266.6777
vt 0.4280 1.0672 -17266.6777
vt 0.5720 0.8081 -17266.6777
vt 0.5720 1.0672 -17266.6777
vt 0.7159 0.8081 -17266.6777
vt 0.7159 1.0672 -17266.6777
vt 0.8598 0.8081 -17266.6777
vt 0.8598 1.0672 -17266.6777
vt 1.0037 0.8081 -17266.6777
vt 1.0037 1.0672 -17266.6777
vt 1.1476 0.8081 -17266.6777
vt 1.1476 1.0672 -17266.6777
vt -0.1476 0.5491 -17266.6777
vt -0.0037 0.5491 -17266.6777
vt 0.1402 0.5491 -17266.6777
vt 0.2841 0.5491 -17266.6777
vt 0.4280 0.5491 -17266.6777
vt 0.5720 0.5491 -17266.6777
vt 0.7159 0.5491 -17266.6777
vt 0.8598 0.5491 -17266.6777
vt 1.0037 0.5491 -17266.6777
vt 1.1476 0.5491 -17266.6777
vt -0.1476 0.2900 -17266.6777
vt -0.0037 0.2900 -17266.6777
vt 0.1402 0.2900 -17266.6777
vt 0.2841 0.2900 -17266.6777
vt 0.4280 0.2900 -17266.6777
vt 0.5720 0.2900 -17266.6777
vt 0.7159 0.2900 -17266.6777
vt 0.8598 0.2900 -17266.6777
vt 1.0037 0.2900 -17266.6777
vt 1.1476 0.2900 -17266.6777
# 40 texture coords

g 001空
usemtl mat1
s 1
f 1/1/1 2/2/1 3/3/1 4/4/1 
f 2/2/1 5/5/1 6/6/1 3/3/1 
f 5/5/1 7/7/1 8/8/1 6/6/1 
f 7/7/1 9/9/1 10/10/1 8/8/1 
f 9/9/1 11/11/1 12/12/1 10/10/1 
f 11/11/1 13/13/1 14/14/1 12/12/1 
f 13/13/1 15/15/1 16/16/1 14/14/1 
f 15/15/1 17/17/1 18/18/1 16/16/1 
f 17/17/1 19/19/1 20/20/1 18/18/1 
f 21/21/1 22/22/1 2/2/1 1/1/1 
f 22/22/1 23/23/1 5/5/1 2/2/1 
f 23/23/1 24/24/1 7/7/1 5/5/1 
f 24/24/1 25/25/1 9/9/1 7/7/1 
f 25/25/1 26/26/1 11/11/1 9/9/1 
f 26/26/1 27/27/1 13/13/1 11/11/1 
f 27/27/1 28/28/1 15/15/1 13/13/1 
f 28/28/1 29/29/1 17/17/1 15/15/1 
f 29/29/1 30/30/1 19/19/1 17/17/1 
f 31/31/1 32/32/1 22/22/1 21/21/1 
f 32/32/1 33/33/1 23/23/1 22/22/1 
f 33/33/1 34/34/1 24/24/1 23/23/1 
f 34/34/1 35/35/1 25/25/1 24/24/1 
f 35/35/1 36/36/1 26/26/1 25/25/1 
f 36/36/1 37/37/1 27/27/1 26/26/1 
f 37/37/1 38/38/1 28/28/1 27/27/1 
f 38/38/1 39/39/1 29/29/1 28/28/1 
f 39/39/1 40/40/1 30/30/1 29/29/1 
# 27 polygons

#
# object 002遠景
#

v  0.0004 1238.2512 -12619.2441
v  212.4051 1236.5193 -12586.0469
v  136.2722 1288.2620 -13359.0410
v  0.0003 1295.1892 -13526.9590
v  414.2525 1238.2512 -12660.0449
v  237.1671 1295.1892 -13550.3184
v  0.0000 1322.8977 -14742.6406
v  629.0526 1236.5193 -12668.9238
v  403.5796 1288.2620 -13412.2129
v  812.5854 1238.2512 -12780.8789
v  465.2198 1295.1892 -13619.4961
v  1021.5259 1236.5193 -12831.4922
v  655.3776 1288.2620 -13516.5098
v  1179.6912 1238.2512 -12977.1016
v  675.3945 1295.1892 -13731.8359
v  1374.7424 1236.5193 -13067.5039
v  881.9897 1288.2620 -13667.9277
v  1501.4618 1238.2512 -13241.1719
v  859.6140 1295.1892 -13883.0215
v  1675.1287 1236.5193 -13367.8926
v  1074.7078 1288.2620 -13860.6484
v  1765.5327 1238.2512 -13562.9453
v  1010.7994 1295.1892 -14067.2441
v  1911.1407 1236.5193 -13721.1133
v  1226.1254 1288.2620 -14087.2637
v  1961.7550 1238.2512 -13930.0566
v  1123.1401 1295.1892 -14277.4219
v  2073.7083 1236.5193 -14113.5879
v  1330.4233 1288.2620 -14339.0625
v  2082.5872 1238.2512 -14328.3867
v  1192.3188 1295.1892 -14505.4727
v  2156.5845 1236.5193 -14530.2344
v  1383.5941 1288.2620 -14606.3691
v  2090.1917 1239.9827 -14742.6426
v  1047.7618 1302.1160 -14742.6426
v  -2090.1917 1239.9827 -14742.6348
v  -2156.5845 1236.5193 -14530.2305
v  -1383.5939 1288.2620 -14606.3652
v  -1047.7618 1302.1160 -14742.6387
v  -2082.5869 1238.2512 -14328.3848
v  -1192.3187 1295.1892 -14505.4727
v  -2073.7078 1236.5193 -14113.5859
v  -1330.4230 1288.2620 -14339.0605
v  -1961.7540 1238.2512 -13930.0547
v  -1123.1396 1295.1892 -14277.4219
v  -1911.1396 1236.5193 -13721.1113
v  -1226.1249 1288.2620 -14087.2617
v  -1765.5315 1238.2512 -13562.9434
v  -1010.7988 1295.1892 -14067.2441
v  -1675.1272 1236.5193 -13367.8887
v  -1074.7068 1288.2620 -13860.6445
v  -1501.4602 1238.2512 -13241.1680
v  -859.6131 1295.1892 -13883.0195
v  -1374.7406 1236.5193 -13067.5020
v  -881.9885 1288.2620 -13667.9277
v  -1179.6890 1238.2512 -12977.0996
v  -675.3932 1295.1892 -13731.8359
v  -1021.5235 1236.5193 -12831.4922
v  -655.3761 1288.2620 -13516.5098
v  -812.5828 1238.2512 -12780.8770
v  -465.2184 1295.1892 -13619.4961
v  -629.0497 1236.5193 -12668.9238
v  -403.5777 1288.2620 -13412.2129
v  -414.2498 1238.2512 -12660.0449
v  -237.1655 1295.1892 -13550.3184
v  -212.4035 1236.5193 -12586.0469
v  -136.2711 1288.2620 -13359.0410
v  0.0007 992.9282 -10624.6699
v  403.6255 992.9280 -10644.5449
v  304.5317 1136.7112 -11650.6660
v  0.0006 1136.7112 -11635.6680
v  803.3732 992.9282 -10703.7930
v  606.1376 1136.7112 -11695.3691
v  1195.3654 992.9280 -10802.0332
v  901.8921 1136.7112 -11769.4883
v  1575.8733 992.9282 -10938.1309
v  1188.9817 1136.7112 -11872.1719
v  1941.1681 992.9280 -11110.9570
v  1464.5933 1136.7112 -12002.5684
v  2287.8132 992.9282 -11318.6738
v  1726.1340 1136.7112 -12159.2871
v  2612.3728 992.9280 -11559.4434
v  1971.0110 1136.7112 -12340.9473
v  2911.8340 992.9282 -11830.7949
v  2196.9517 1136.7112 -12545.6797
v  3183.1853 992.9280 -12130.2559
v  2401.6838 1136.7112 -12771.6211
v  3423.9543 992.9282 -12454.8164
v  2583.3420 1136.7112 -13016.4980
v  3631.6704 992.9280 -12801.4629
v  2740.0615 1136.7112 -13278.0410
v  3804.4951 992.9282 -13166.7598
v  2870.4561 1136.7112 -13553.6563
v  3940.5918 992.9280 -13547.2734
v  2973.1396 1136.7112 -13840.7480
v  4038.8293 992.9282 -13939.2656
v  3047.2593 1136.7112 -14136.5039
v  4098.0786 992.9280 -14339.0156
v  3091.9624 1136.7112 -14438.1094
v  4137.8340 992.9280 -14742.6426
v  3121.9575 1136.7112 -14742.6426
v  -4137.8340 992.9280 -14742.6328
v  -4098.0786 992.9280 -14339.0098
v  -3091.9622 1136.7112 -14438.1035
v  -3121.9575 1136.7112 -14742.6328
v  -4038.8291 992.9282 -13939.2656
v  -3047.2585 1136.7112 -14136.5000
v  -3940.5903 992.9280 -13547.2695
v  -2973.1389 1136.7112 -13840.7461
v  -3804.4932 992.9282 -13166.7578
v  -2870.4548 1136.7112 -13553.6543
v  -3631.6675 992.9280 -12801.4609
v  -2740.0598 1136.7112 -13278.0391
v  -3423.9512 992.9282 -12454.8145
v  -2583.3396 1136.7112 -13016.4961
v  -3183.1821 992.9280 -12130.2539
v  -2401.6814 1136.7112 -12771.6191
v  -2911.8308 992.9282 -11830.7930
v  -2196.9495 1136.7112 -12545.6758
v  -2612.3689 992.9280 -11559.4395
v  -1971.0081 1136.7112 -12340.9453
v  -2287.8091 992.9282 -11318.6719
v  -1726.1307 1136.7112 -12159.2871
v  -1941.1632 992.9280 -11110.9551
v  -1464.5898 1136.7112 -12002.5664
v  -1575.8683 992.9282 -10938.1289
v  -1188.9780 1136.7112 -11872.1719
v  -1195.3599 992.9280 -10802.0313
v  -901.8880 1136.7112 -11769.4863
v  -803.3681 992.9282 -10703.7930
v  -606.1338 1136.7112 -11695.3691
v  -403.6225 992.9280 -10644.5449
v  -304.5294 1136.7112 -11650.6660
v  0.0011 586.7483 -8670.6895
v  595.1464 586.7483 -8699.9980
v  500.6599 809.2605 -9659.3350
v  0.0009 809.2605 -9634.6797
v  1184.5750 586.7483 -8787.3594
v  996.5098 809.2605 -9732.8262
v  1762.5681 586.7483 -8932.2109
v  1482.7397 809.2605 -9854.6836
v  2323.6277 586.7483 -9132.8867
v  1954.7245 809.2605 -10023.5000
v  2862.2556 586.7483 -9387.7158
v  2407.8389 809.2605 -10237.8730
v  3373.3843 586.7483 -9693.9932
v  2837.8203 809.2605 -10495.5254
v  3851.9475 586.7483 -10049.0098
v  3240.4058 809.2605 -10794.1777
v  4293.5034 586.7483 -10449.1211
v  3611.8599 809.2605 -11130.7656
v  4693.6104 586.7483 -10890.6797
v  3948.4453 809.2605 -11502.2227
v  5048.6255 586.7483 -11369.2461
v  4247.0972 809.2605 -11904.8105
v  5354.9023 586.7483 -11880.3750
v  4504.7495 809.2605 -12334.7930
v  5609.7329 586.7483 -12419.0020
v  4719.1235 809.2605 -12787.9082
v  5810.4072 586.7483 -12980.0664
v  4887.9380 809.2605 -13259.8965
v  5955.2588 586.7483 -13558.0625
v  5009.7925 809.2605 -13746.1309
v  6042.6206 586.7483 -14147.4941
v  5083.2852 809.2605 -14241.9824
v  6101.2383 586.7483 -14742.6426
v  5132.5972 809.2605 -14742.6426
v  -6101.2383 586.7483 -14742.6328
v  -6042.6201 586.7483 -14147.4863
v  -5083.2847 809.2605 -14241.9746
v  -5132.5972 809.2605 -14742.6328
v  -5955.2573 586.7483 -13558.0566
v  -5009.7910 809.2605 -13746.1250
v  -5810.4043 586.7483 -12980.0605
v  -4887.9355 809.2605 -13259.8926
v  -5609.7295 586.7483 -12418.9980
v  -4719.1196 809.2605 -12787.9023
v  -5354.8979 586.7483 -11880.3691
v  -4504.7456 809.2605 -12334.7871
v  -5048.6206 586.7483 -11369.2383
v  -4247.0933 809.2605 -11904.8066
v  -4693.6050 586.7483 -10890.6719
v  -3948.4409 809.2605 -11502.2168
v  -4293.4971 586.7483 -10449.1133
v  -3611.8550 809.2605 -11130.7617
v  -3851.9409 586.7483 -10049.0039
v  -3240.4006 809.2605 -10794.1758
v  -3373.3770 586.7483 -9693.9902
v  -2837.8142 809.2605 -10495.5234
v  -2862.2471 586.7483 -9387.7129
v  -2407.8323 809.2605 -10237.8711
v  -2323.6191 586.7483 -9132.8828
v  -1954.7177 809.2605 -10023.4980
v  -1762.5593 586.7483 -8932.2080
v  -1482.7327 809.2605 -9854.6816
v  -1184.5671 586.7483 -8787.3574
v  -996.5034 809.2605 -9732.8262
v  -595.1418 586.7483 -8699.9961
v  -500.6561 809.2605 -9659.3350
v  0.0016 29.7244 -6840.3228
v  774.5520 29.7241 -6878.4658
v  686.5963 326.4302 -7771.4922
v  0.0014 326.4302 -7737.6807
v  1541.6626 29.7244 -6992.1616
v  1366.5963 326.4302 -7872.2769
v  2293.8899 29.7241 -7180.6792
v  2033.4032 326.4302 -8039.3872
v  3024.0791 29.7244 -7441.8462
v  2680.6750 326.4302 -8270.8984
v  3725.0757 29.7241 -7773.4956
v  3302.0684 326.4302 -8564.8848
v  4390.2837 29.7244 -8172.0996
v  3891.7375 326.4302 -8918.2246
v  5013.1089 29.7241 -8634.1328
v  4443.8359 326.4302 -9327.7920
v  5587.7700 29.7244 -9154.8535
v  4953.2407 326.4302 -9789.3828
v  6108.4873 29.7241 -9729.5156
v  5414.8276 326.4302 -10298.7891
v  6570.5181 29.7244 -10352.3418
v  5824.3926 326.4302 -10850.8906
v  6969.1216 29.7241 -11017.5527
v  6177.7319 326.4302 -11440.5625
v  7300.7705 29.7244 -11718.5527
v  6471.7202 326.4302 -12061.9570
v  7561.9380 29.7241 -12448.7441
v  6703.2300 326.4302 -12709.2305
v  7750.4551 29.7244 -13200.9727
v  6870.3394 326.4302 -13376.0410
v  7864.1528 29.7241 -13968.0859
v  6971.1255 326.4302 -14056.0430
v  7940.4395 29.7244 -14742.6426
v  7038.7495 326.4302 -14742.6426
v  -7940.4395 29.7244 -14742.6309
v  -7864.1514 29.7241 -13968.0762
v  -6971.1250 326.4302 -14056.0352
v  -7038.7495 326.4302 -14742.6309
v  -7750.4551 29.7244 -13200.9648
v  -6870.3384 326.4302 -13376.0332
v  -7561.9355 29.7241 -12448.7344
v  -6703.2275 326.4302 -12709.2227
v  -7300.7676 29.7244 -11718.5430
v  -6471.7163 326.4302 -12061.9492
v  -6969.1167 29.7241 -11017.5410
v  -6177.7275 326.4302 -11440.5527
v  -6570.5137 29.7244 -10352.3301
v  -5824.3872 326.4302 -10850.8828
v  -6108.4814 29.7241 -9729.5039
v  -5414.8218 326.4302 -10298.7813
v  -5587.7627 29.7244 -9154.8418
v  -4953.2339 326.4302 -9789.3730
v  -5013.0991 29.7241 -8634.1240
v  -4443.8281 326.4302 -9327.7842
v  -4390.2729 29.7244 -8172.0918
v  -3891.7278 326.4302 -8918.2188
v  -3725.0647 29.7241 -7773.4897
v  -3302.0581 326.4302 -8564.8809
v  -3024.0679 29.7244 -7441.8433
v  -2680.6648 326.4302 -8270.8945
v  -2293.8782 29.7241 -7180.6758
v  -2033.3928 326.4302 -8039.3843
v  -1541.6514 29.7244 -6992.1587
v  -1366.5868 326.4302 -7872.2739
v  -774.5456 29.7241 -6878.4639
v  -686.5908 326.4302 -7771.4907
v  0.0018 -666.8149 -5170.8208
v  938.1896 -666.8149 -5217.0234
v  858.5555 -301.9509 -6025.5625
v  0.0017 -301.9509 -5983.2827
v  1867.3657 -666.8149 -5354.7402
v  1708.8624 -301.9509 -6151.5903
v  2778.5149 -666.8149 -5583.0859
v  2542.6724 -301.9509 -6360.5532
v  3662.9700 -666.8149 -5899.4302
v  3352.0542 -301.9509 -6650.0459
v  4512.0625 -666.8149 -6301.1445
v  4129.0762 -301.9509 -7017.6626
v  5317.8066 -666.8149 -6783.9590
v  4866.4287 -301.9509 -7459.4966
v  6072.2139 -666.8149 -7343.6060
v  5556.8018 -301.9509 -7971.6401
v  6768.2837 -666.8149 -7974.3369
v  6193.7881 -301.9509 -8548.8350
v  7399.0127 -666.8149 -8670.4063
v  6770.9795 -301.9509 -9185.8203
v  7958.6567 -666.8149 -9424.8145
v  7283.1206 -301.9509 -9876.1934
v  8441.4707 -666.8149 -10230.5605
v  7724.9531 -301.9509 -10613.5488
v  8843.1846 -666.8149 -11079.6563
v  8092.5698 -301.9509 -11390.5762
v  9159.5303 -666.8149 -11964.1152
v  8382.0635 -301.9509 -12199.9590
v  9387.8779 -666.8149 -12875.2656
v  8591.0264 -301.9509 -13033.7695
v  9525.5957 -666.8149 -13804.4473
v  8717.0547 -301.9509 -13884.0820
v  9617.9980 -666.8149 -14742.6426
v  8801.6152 -301.9509 -14742.6426
v  -9617.9980 -666.8149 -14742.6309
v  -9525.5947 -666.8149 -13804.4355
v  -8717.0547 -301.9509 -13884.0723
v  -8801.6152 -301.9509 -14742.6309
v  -9387.8770 -666.8149 -12875.2559
v  -8591.0254 -301.9509 -13033.7617
v  -9159.5283 -666.8149 -11964.1055
v  -8382.0605 -301.9509 -12199.9492
v  -8843.1816 -666.8149 -11079.6465
v  -8092.5664 -301.9509 -11390.5645
v  -8441.4658 -666.8149 -10230.5488
v  -7724.9487 -301.9509 -10613.5371
v  -7958.6514 -666.8149 -9424.8027
v  -7283.1147 -301.9509 -9876.1816
v  -7399.0073 -666.8149 -8670.3955
v  -6770.9736 -301.9509 -9185.8096
v  -6768.2778 -666.8149 -7974.3276
v  -6193.7813 -301.9509 -8548.8242
v  -6072.2070 -666.8149 -7343.5967
v  -5556.7935 -301.9509 -7971.6304
v  -5317.7979 -666.8149 -6783.9502
v  -4866.4185 -301.9509 -7459.4883
v  -4512.0513 -666.8149 -6301.1372
v  -4129.0649 -301.9509 -7017.6563
v  -3662.9565 -666.8149 -5899.4248
v  -3352.0422 -301.9509 -6650.0410
v  -2778.5007 -666.8149 -5583.0815
v  -2542.6594 -301.9509 -6360.5488
v  -1867.3531 -666.8149 -5354.7373
v  -1708.8506 -301.9509 -6151.5869
v  -938.1822 -666.8149 -5217.0215
v  -858.5485 -301.9509 -6025.5610
v  0.0021 -1488.6713 -3696.1765
v  1082.7286 -1488.6713 -3749.4973
v  1013.0369 -1063.0868 -4457.0869
v  0.0020 -1063.0868 -4407.1987
v  2155.0549 -1488.6713 -3908.4319
v  2016.3412 -1063.0868 -4605.7920
v  3206.5774 -1488.6713 -4171.9561
v  3000.1807 -1063.0868 -4852.3535
v  4227.2925 -1488.6713 -4537.0356
v  3955.1956 -1063.0868 -5193.9355
v  5207.1982 -1488.6713 -5000.6392
v  4872.0278 -1063.0868 -5627.6973
v  6137.0752 -1488.6713 -5557.8369
v  5742.0522 -1063.0868 -6149.0308
v  7007.7080 -1488.6713 -6203.7021
v  6556.6450 -1063.0868 -6753.3242
v  7811.0142 -1488.6713 -6931.6035
v  7308.2456 -1063.0868 -7434.3735
v  8538.9160 -1488.6713 -7734.9116
v  7989.2935 -1063.0868 -8185.9746
v  9184.7803 -1488.6713 -8605.5449
v  8593.5859 -1063.0868 -9000.5684
v  9741.9795 -1488.6713 -9535.4258
v  9114.9189 -1063.0868 -9870.5957
v  10205.5820 -1488.6713 -10515.3340
v  9548.6816 -1063.0868 -10787.4297
v  10570.6650 -1488.6713 -11536.0527
v  9890.2646 -1063.0868 -11742.4492
v  10834.1914 -1488.6713 -12587.5781
v  10136.8291 -1063.0868 -12726.2910
v  10993.1270 -1488.6713 -13659.9102
v  10285.5342 -1063.0868 -13729.5996
v  11099.7695 -1488.6713 -14742.6426
v  10385.3115 -1063.0868 -14742.6426
v  -11099.7695 -1488.6713 -14742.6270
v  -10993.1270 -1488.6713 -13659.8984
v  -10285.5342 -1063.0868 -13729.5879
v  -10385.3115 -1063.0868 -14742.6289
v  -10834.1885 -1488.6713 -12587.5703
v  -10136.8271 -1063.0868 -12726.2813
v  -10570.6621 -1488.6713 -11536.0430
v  -9890.2627 -1063.0868 -11742.4395
v  -10205.5811 -1488.6713 -10515.3242
v  -9548.6787 -1063.0868 -10787.4199
v  -9741.9756 -1488.6713 -9535.4131
v  -9114.9150 -1063.0868 -9870.5840
v  -9184.7754 -1488.6713 -8605.5322
v  -8593.5811 -1063.0868 -9000.5547
v  -8538.9082 -1488.6713 -7734.8989
v  -7989.2876 -1063.0868 -8185.9629
v  -7811.0063 -1488.6713 -6931.5938
v  -7308.2388 -1063.0868 -7434.3638
v  -7007.6982 -1488.6713 -6203.6924
v  -6556.6372 -1063.0868 -6753.3154
v  -6137.0649 -1488.6713 -5557.8281
v  -5742.0430 -1063.0868 -6149.0220
v  -5207.1841 -1488.6713 -5000.6318
v  -4872.0156 -1063.0868 -5627.6899
v  -4227.2764 -1488.6713 -4537.0303
v  -3955.1809 -1063.0868 -5193.9297
v  -3206.5603 -1488.6713 -4171.9502
v  -3000.1650 -1063.0868 -4852.3486
v  -2155.0403 -1488.6713 -3908.4270
v  -2016.3275 -1063.0868 -4605.7876
v  -1082.7201 -1488.6713 -3749.4944
v  -1013.0291 -1063.0868 -4457.0850
v  0.0023 -2419.1213 -2446.4031
v  1205.2261 -2419.1213 -2505.7563
v  1146.8959 -1941.4734 -3097.9956
v  0.0022 -1941.4734 -3041.5151
v  2398.8730 -2419.1213 -2682.6729
v  2282.7732 -1941.4734 -3266.3499
v  3569.3623 -2419.1213 -2976.0122
v  3396.6130 -1941.4734 -3545.4917
v  4705.5591 -2419.1213 -3382.3975
v  4477.8203 -1941.4734 -3932.2080
v  5796.3281 -2419.1213 -3898.4514
v  5515.7983 -1941.4734 -4423.2861
v  6831.4102 -2419.1213 -4518.6895
v  6500.7852 -1941.4734 -5013.5063
v  7800.5464 -2419.1213 -5237.6270
v  7423.0156 -1941.4734 -5697.6479
v  8694.7393 -2419.1213 -6047.8813
v  8273.9316 -1941.4734 -6468.6880
v  9504.9951 -2419.1213 -6942.0728
v  9044.9717 -1941.4734 -7319.6030
v  10223.9326 -2419.1213 -7911.2075
v  9729.1133 -1941.4734 -8241.8340
v  10844.1699 -2419.1213 -8946.2910
v  10319.3340 -1941.4734 -9226.8223
v  11360.2227 -2419.1213 -10037.0645
v  10810.4131 -1941.4734 -10264.8047
v  11766.6064 -2419.1213 -11173.2656
v  11197.1279 -1941.4734 -11346.0176
v  12059.9443 -2419.1213 -12343.7617
v  11476.2695 -1941.4734 -12459.8613
v  12236.8633 -2419.1213 -13537.4121
v  11644.6260 -1941.4734 -13595.7422
v  12355.5723 -2419.1213 -14742.6426
v  11757.5898 -1941.4734 -14742.6426
v  -12355.5723 -2419.1213 -14742.6270
v  -12236.8623 -2419.1213 -13537.4004
v  -11644.6260 -1941.4734 -13595.7305
v  -11757.5898 -1941.4734 -14742.6270
v  -12059.9443 -2419.1213 -12343.7500
v  -11476.2686 -1941.4734 -12459.8516
v  -11766.6035 -2419.1213 -11173.2539
v  -11197.1260 -1941.4734 -11346.0059
v  -11360.2197 -2419.1213 -10037.0508
v  -10810.4082 -1941.4734 -10264.7930
v  -10844.1641 -2419.1213 -8946.2783
v  -10319.3291 -1941.4734 -9226.8096
v  -10223.9229 -2419.1213 -7911.1948
v  -9729.1064 -1941.4734 -8241.8203
v  -9504.9824 -2419.1213 -6942.0610
v  -9044.9609 -1941.4734 -7319.5903
v  -8694.7246 -2419.1213 -6047.8701
v  -8273.9189 -1941.4734 -6468.6772
v  -7800.5317 -2419.1213 -5237.6162
v  -7423.0034 -1941.4734 -5697.6382
v  -6831.3970 -2419.1213 -4518.6807
v  -6500.7734 -1941.4734 -5013.4971
v  -5796.3135 -2419.1213 -3898.4438
v  -5515.7847 -1941.4734 -4423.2783
v  -4705.5425 -2419.1213 -3382.3914
v  -4477.8037 -1941.4734 -3932.2021
v  -3569.3447 -2419.1213 -2976.0063
v  -3396.5957 -1941.4734 -3545.4858
v  -2398.8569 -2419.1213 -2682.6677
v  -2282.7576 -1941.4734 -3266.3447
v  -1205.2168 -2419.1213 -2505.7534
v  -1146.8868 -1941.4734 -3097.9927
v  0.0025 -3430.6025 -1413.0260
v  1306.5131 -3430.6025 -1477.3676
v  1257.4069 -2919.2434 -1975.9531
v  0.0024 -2919.2434 -1914.0298
v  2600.4744 -3430.6025 -1669.1523
v  2502.7334 -2919.2434 -2160.5295
v  3869.3318 -3430.6025 -1987.1443
v  3723.9001 -2919.2434 -2466.5691
v  5101.0151 -3430.6025 -2427.6826
v  4909.2896 -2919.2434 -2890.5493
v  6283.4541 -3430.6025 -2987.1069
v  6047.2847 -2919.2434 -3428.9468
v  7405.5254 -3430.6025 -3659.4707
v  7127.1816 -2919.2434 -4076.0388
v  8456.1055 -3430.6025 -4438.8276
v  8138.2764 -2919.2434 -4826.1025
v  9425.4453 -3430.6025 -5317.1758
v  9071.1836 -2919.2434 -5671.4380
v  10303.7949 -3430.6025 -6286.5146
v  9916.5195 -2919.2434 -6604.3438
v  11083.1523 -3430.6025 -7337.0933
v  10666.5840 -2919.2434 -7615.4360
v  11755.5156 -3430.6025 -8459.1631
v  11313.6758 -2919.2434 -8695.3340
v  12314.9404 -3430.6025 -9641.6035
v  11852.0713 -2919.2434 -9833.3320
v  12755.4785 -3430.6025 -10873.2910
v  12276.0508 -2919.2434 -11018.7266
v  13073.4717 -3430.6025 -12142.1543
v  12582.0908 -2919.2434 -12239.8984
v  13265.2578 -3430.6025 -13436.1230
v  12766.6680 -2919.2434 -13485.2305
v  13393.9395 -3430.6025 -14742.6426
v  12890.5156 -2919.2434 -14742.6426
v  -13393.9395 -3430.6025 -14742.6270
v  -13265.2559 -3430.6025 -13436.1094
v  -12766.6680 -2919.2434 -13485.2168
v  -12890.5156 -2919.2434 -14742.6270
v  -13073.4697 -3430.6025 -12142.1426
v  -12582.0879 -2919.2434 -12239.8867
v  -12755.4746 -3430.6025 -10873.2813
v  -12276.0469 -2919.2434 -11018.7148
v  -12314.9336 -3430.6025 -9641.5938
v  -11852.0664 -2919.2434 -9833.3203
v  -11755.5088 -3430.6025 -8459.1543
v  -11313.6689 -2919.2434 -8695.3223
v  -11083.1455 -3430.6025 -7337.0835
v  -10666.5742 -2919.2434 -7615.4248
v  -10303.7852 -3430.6025 -6286.5034
v  -9916.5078 -2919.2434 -6604.3320
v  -9425.4326 -3430.6025 -5317.1641
v  -9071.1689 -2919.2434 -5671.4263
v  -8456.0908 -3430.6025 -4438.8154
v  -8138.2612 -2919.2434 -4826.0918
v  -7405.5083 -3430.6025 -3659.4595
v  -7127.1665 -2919.2434 -4076.0286
v  -6283.4365 -3430.6025 -2987.0979
v  -6047.2686 -2919.2434 -3428.9385
v  -5100.9966 -3430.6025 -2427.6755
v  -4909.2720 -2919.2434 -2890.5427
v  -3869.3125 -3430.6025 -1987.1372
v  -3723.8816 -2919.2434 -2466.5630
v  -2600.4573 -3430.6025 -1669.1459
v  -2502.7170 -2919.2434 -2160.5237
v  -1306.5033 -3430.6025 -1477.3638
v  -1257.3973 -2919.2434 -1975.9497
# 529 vertices

vn 0.0000 0.9989 0.0470
vn 0.0049 0.9988 0.0495
vn 0.0029 0.9996 0.0298
vn -0.0000 0.9998 0.0175
vn 0.0092 0.9989 0.0461
vn 0.0034 0.9998 0.0171
vn 0.0000 1.0000 0.0099
vn 0.0144 0.9988 0.0476
vn 0.0087 0.9996 0.0287
vn 0.0180 0.9989 0.0434
vn 0.0067 0.9998 0.0161
vn 0.0234 0.9988 0.0438
vn 0.0141 0.9996 0.0264
vn 0.0261 0.9989 0.0391
vn 0.0097 0.9998 0.0145
vn 0.0315 0.9988 0.0384
vn 0.0190 0.9996 0.0232
vn 0.0332 0.9989 0.0332
vn 0.0124 0.9998 0.0124
vn 0.0384 0.9988 0.0315
vn 0.0232 0.9996 0.0190
vn 0.0391 0.9989 0.0261
vn 0.0145 0.9998 0.0097
vn 0.0438 0.9988 0.0234
vn 0.0264 0.9996 0.0141
vn 0.0434 0.9989 0.0180
vn 0.0161 0.9998 0.0067
vn 0.0476 0.9988 0.0144
vn 0.0287 0.9996 0.0087
vn 0.0461 0.9989 0.0092
vn 0.0171 0.9998 0.0034
vn 0.0502 0.9987 0.0030
vn 0.0301 0.9995 -0.0019
vn 0.0459 0.9989 -0.0054
vn 0.0137 0.9996 0.0226
vn -0.0459 0.9989 -0.0054
vn -0.0502 0.9987 0.0030
vn -0.0301 0.9995 -0.0019
vn -0.0137 0.9996 0.0226
vn -0.0461 0.9989 0.0092
vn -0.0171 0.9998 0.0034
vn -0.0476 0.9988 0.0144
vn -0.0287 0.9996 0.0087
vn -0.0434 0.9989 0.0180
vn -0.0161 0.9998 0.0067
vn -0.0438 0.9988 0.0234
vn -0.0264 0.9996 0.0141
vn -0.0391 0.9989 0.0261
vn -0.0145 0.9998 0.0097
vn -0.0384 0.9988 0.0315
vn -0.0232 0.9996 0.0190
vn -0.0332 0.9989 0.0332
vn -0.0124 0.9998 0.0124
vn -0.0315 0.9988 0.0384
vn -0.0190 0.9996 0.0232
vn -0.0261 0.9989 0.0391
vn -0.0097 0.9998 0.0145
vn -0.0234 0.9988 0.0438
vn -0.0141 0.9996 0.0264
vn -0.0180 0.9989 0.0434
vn -0.0067 0.9998 0.0161
vn -0.0144 0.9988 0.0476
vn -0.0087 0.9996 0.0287
vn -0.0092 0.9989 0.0461
vn -0.0034 0.9998 0.0171
vn -0.0049 0.9988 0.0495
vn -0.0029 0.9996 0.0298
vn -0.0000 0.9958 0.0910
vn 0.0089 0.9958 0.0906
vn 0.0067 0.9977 0.0681
vn -0.0000 0.9977 0.0684
vn 0.0178 0.9958 0.0893
vn 0.0133 0.9977 0.0670
vn 0.0264 0.9958 0.0871
vn 0.0199 0.9977 0.0655
vn 0.0348 0.9958 0.0841
vn 0.0262 0.9977 0.0632
vn 0.0429 0.9958 0.0803
vn 0.0323 0.9977 0.0604
vn 0.0506 0.9958 0.0757
vn 0.0380 0.9977 0.0568
vn 0.0578 0.9958 0.0704
vn 0.0434 0.9977 0.0529
vn 0.0644 0.9958 0.0644
vn 0.0483 0.9977 0.0483
vn 0.0704 0.9958 0.0578
vn 0.0529 0.9977 0.0434
vn 0.0757 0.9958 0.0506
vn 0.0568 0.9977 0.0380
vn 0.0803 0.9958 0.0429
vn 0.0604 0.9977 0.0323
vn 0.0841 0.9958 0.0348
vn 0.0632 0.9977 0.0262
vn 0.0871 0.9958 0.0264
vn 0.0655 0.9977 0.0199
vn 0.0893 0.9958 0.0178
vn 0.0670 0.9977 0.0133
vn 0.0902 0.9959 0.0111
vn 0.0675 0.9977 0.0081
vn 0.0910 0.9958 0.0090
vn 0.0677 0.9977 0.0067
vn -0.0910 0.9958 0.0090
vn -0.0902 0.9959 0.0111
vn -0.0675 0.9977 0.0081
vn -0.0677 0.9977 0.0067
vn -0.0893 0.9958 0.0178
vn -0.0670 0.9977 0.0133
vn -0.0871 0.9958 0.0264
vn -0.0655 0.9977 0.0199
vn -0.0841 0.9958 0.0348
vn -0.0632 0.9977 0.0262
vn -0.0803 0.9958 0.0429
vn -0.0604 0.9977 0.0323
vn -0.0757 0.9958 0.0506
vn -0.0568 0.9977 0.0380
vn -0.0704 0.9958 0.0578
vn -0.0529 0.9977 0.0434
vn -0.0644 0.9958 0.0644
vn -0.0483 0.9977 0.0483
vn -0.0578 0.9958 0.0704
vn -0.0434 0.9977 0.0529
vn -0.0506 0.9958 0.0757
vn -0.0380 0.9977 0.0568
vn -0.0429 0.9958 0.0803
vn -0.0323 0.9977 0.0604
vn -0.0348 0.9958 0.0841
vn -0.0262 0.9977 0.0632
vn -0.0264 0.9958 0.0871
vn -0.0199 0.9977 0.0655
vn -0.0178 0.9958 0.0893
vn -0.0133 0.9977 0.0670
vn -0.0089 0.9958 0.0906
vn -0.0067 0.9977 0.0681
vn 0.0000 0.9901 0.1406
vn 0.0138 0.9901 0.1399
vn 0.0113 0.9933 0.1147
vn -0.0000 0.9933 0.1153
vn 0.0274 0.9901 0.1379
vn 0.0225 0.9933 0.1131
vn 0.0408 0.9901 0.1346
vn 0.0335 0.9933 0.1103
vn 0.0538 0.9901 0.1299
vn 0.0441 0.9933 0.1065
vn 0.0663 0.9901 0.1240
vn 0.0543 0.9933 0.1017
vn 0.0781 0.9901 0.1169
vn 0.0640 0.9933 0.0958
vn 0.0892 0.9901 0.1087
vn 0.0731 0.9933 0.0891
vn 0.0994 0.9901 0.0994
vn 0.0815 0.9933 0.0815
vn 0.1087 0.9901 0.0892
vn 0.0891 0.9933 0.0731
vn 0.1169 0.9901 0.0781
vn 0.0958 0.9933 0.0640
vn 0.1240 0.9901 0.0663
vn 0.1017 0.9933 0.0543
vn 0.1299 0.9901 0.0538
vn 0.1065 0.9933 0.0441
vn 0.1346 0.9901 0.0408
vn 0.1103 0.9933 0.0335
vn 0.1379 0.9901 0.0274
vn 0.1131 0.9933 0.0225
vn 0.1394 0.9901 0.0172
vn 0.1142 0.9934 0.0141
vn 0.1403 0.9900 0.0138
vn 0.1151 0.9933 0.0113
vn -0.1403 0.9900 0.0138
vn -0.1394 0.9901 0.0172
vn -0.1142 0.9934 0.0141
vn -0.1151 0.9933 0.0113
vn -0.1379 0.9901 0.0274
vn -0.1131 0.9933 0.0225
vn -0.1346 0.9901 0.0408
vn -0.1103 0.9933 0.0335
vn -0.1299 0.9901 0.0538
vn -0.1065 0.9933 0.0441
vn -0.1240 0.9901 0.0663
vn -0.1017 0.9933 0.0543
vn -0.1169 0.9901 0.0781
vn -0.0958 0.9933 0.0640
vn -0.1087 0.9901 0.0892
vn -0.0891 0.9933 0.0731
vn -0.0994 0.9901 0.0994
vn -0.0815 0.9933 0.0815
vn -0.0892 0.9901 0.1087
vn -0.0731 0.9933 0.0891
vn -0.0781 0.9901 0.1169
vn -0.0640 0.9933 0.0958
vn -0.0663 0.9901 0.1240
vn -0.0543 0.9933 0.1017
vn -0.0538 0.9901 0.1299
vn -0.0441 0.9933 0.1065
vn -0.0408 0.9901 0.1346
vn -0.0335 0.9933 0.1103
vn -0.0274 0.9901 0.1379
vn -0.0225 0.9933 0.1131
vn -0.0138 0.9901 0.1399
vn -0.0113 0.9933 0.1147
vn 0.0000 0.9806 0.1959
vn 0.0192 0.9806 0.1950
vn 0.0164 0.9859 0.1666
vn 0.0000 0.9859 0.1674
vn 0.0382 0.9806 0.1922
vn 0.0327 0.9859 0.1642
vn 0.0569 0.9806 0.1875
vn 0.0486 0.9859 0.1602
vn 0.0750 0.9806 0.1810
vn 0.0641 0.9859 0.1546
vn 0.0924 0.9806 0.1728
vn 0.0789 0.9859 0.1476
vn 0.1089 0.9806 0.1629
vn 0.0930 0.9859 0.1392
vn 0.1243 0.9806 0.1515
vn 0.1062 0.9859 0.1294
vn 0.1385 0.9806 0.1385
vn 0.1184 0.9859 0.1184
vn 0.1515 0.9806 0.1243
vn 0.1294 0.9859 0.1062
vn 0.1629 0.9806 0.1089
vn 0.1392 0.9859 0.0930
vn 0.1728 0.9806 0.0924
vn 0.1476 0.9859 0.0789
vn 0.1810 0.9806 0.0750
vn 0.1546 0.9859 0.0641
vn 0.1875 0.9806 0.0569
vn 0.1602 0.9859 0.0486
vn 0.1922 0.9806 0.0382
vn 0.1642 0.9859 0.0327
vn 0.1943 0.9807 0.0240
vn 0.1660 0.9859 0.0205
vn 0.1954 0.9805 0.0192
vn 0.1670 0.9858 0.0164
vn -0.1954 0.9805 0.0192
vn -0.1943 0.9807 0.0240
vn -0.1660 0.9859 0.0205
vn -0.1670 0.9858 0.0164
vn -0.1922 0.9806 0.0382
vn -0.1642 0.9859 0.0327
vn -0.1875 0.9806 0.0569
vn -0.1602 0.9859 0.0486
vn -0.1810 0.9806 0.0750
vn -0.1546 0.9859 0.0641
vn -0.1728 0.9806 0.0924
vn -0.1476 0.9859 0.0789
vn -0.1629 0.9806 0.1089
vn -0.1392 0.9859 0.0930
vn -0.1515 0.9806 0.1243
vn -0.1294 0.9859 0.1062
vn -0.1385 0.9806 0.1385
vn -0.1184 0.9859 0.1184
vn -0.1243 0.9806 0.1515
vn -0.1062 0.9859 0.1294
vn -0.1089 0.9806 0.1629
vn -0.0930 0.9859 0.1392
vn -0.0924 0.9806 0.1728
vn -0.0789 0.9859 0.1476
vn -0.0750 0.9806 0.1810
vn -0.0641 0.9859 0.1546
vn -0.0569 0.9806 0.1875
vn -0.0486 0.9859 0.1602
vn -0.0382 0.9806 0.1922
vn -0.0327 0.9859 0.1642
vn -0.0192 0.9806 0.1950
vn -0.0164 0.9859 0.1666
vn 0.0000 0.9656 0.2601
vn 0.0255 0.9656 0.2589
vn 0.0222 0.9740 0.2256
vn 0.0000 0.9740 0.2267
vn 0.0508 0.9656 0.2552
vn 0.0442 0.9740 0.2223
vn 0.0755 0.9656 0.2489
vn 0.0658 0.9740 0.2169
vn 0.0996 0.9656 0.2403
vn 0.0867 0.9740 0.2094
vn 0.1226 0.9656 0.2294
vn 0.1069 0.9740 0.1999
vn 0.1445 0.9656 0.2163
vn 0.1259 0.9740 0.1885
vn 0.1650 0.9656 0.2011
vn 0.1438 0.9740 0.1752
vn 0.1840 0.9656 0.1840
vn 0.1603 0.9740 0.1603
vn 0.2011 0.9656 0.1650
vn 0.1752 0.9740 0.1438
vn 0.2163 0.9656 0.1445
vn 0.1885 0.9740 0.1259
vn 0.2294 0.9656 0.1226
vn 0.1999 0.9740 0.1069
vn 0.2403 0.9656 0.0996
vn 0.2094 0.9740 0.0867
vn 0.2489 0.9656 0.0755
vn 0.2169 0.9740 0.0658
vn 0.2552 0.9656 0.0508
vn 0.2223 0.9740 0.0442
vn 0.2580 0.9656 0.0318
vn 0.2248 0.9740 0.0277
vn 0.2594 0.9654 0.0256
vn 0.2261 0.9739 0.0223
vn -0.2594 0.9654 0.0256
vn -0.2580 0.9656 0.0318
vn -0.2248 0.9740 0.0277
vn -0.2261 0.9739 0.0223
vn -0.2552 0.9656 0.0508
vn -0.2223 0.9740 0.0442
vn -0.2489 0.9656 0.0755
vn -0.2169 0.9740 0.0658
vn -0.2403 0.9656 0.0996
vn -0.2094 0.9740 0.0867
vn -0.2294 0.9656 0.1226
vn -0.1999 0.9740 0.1069
vn -0.2163 0.9656 0.1445
vn -0.1885 0.9740 0.1259
vn -0.2011 0.9656 0.1650
vn -0.1752 0.9740 0.1438
vn -0.1840 0.9656 0.1840
vn -0.1603 0.9740 0.1603
vn -0.1650 0.9656 0.2011
vn -0.1438 0.9740 0.1752
vn -0.1445 0.9656 0.2163
vn -0.1259 0.9740 0.1885
vn -0.1226 0.9656 0.2294
vn -0.1069 0.9740 0.1999
vn -0.0996 0.9656 0.2403
vn -0.0867 0.9740 0.2094
vn -0.0755 0.9656 0.2489
vn -0.0658 0.9740 0.2169
vn -0.0508 0.9656 0.2552
vn -0.0442 0.9740 0.2223
vn -0.0255 0.9656 0.2589
vn -0.0222 0.9740 0.2256
vn 0.0000 0.9412 0.3379
vn 0.0331 0.9412 0.3363
vn 0.0291 0.9549 0.2955
vn 0.0000 0.9549 0.2970
vn 0.0659 0.9412 0.3314
vn 0.0579 0.9549 0.2912
vn 0.0981 0.9412 0.3233
vn 0.0862 0.9549 0.2842
vn 0.1293 0.9412 0.3122
vn 0.1136 0.9549 0.2744
vn 0.1593 0.9412 0.2980
vn 0.1400 0.9549 0.2619
vn 0.1877 0.9412 0.2809
vn 0.1650 0.9549 0.2469
vn 0.2144 0.9412 0.2612
vn 0.1884 0.9549 0.2295
vn 0.2389 0.9412 0.2389
vn 0.2100 0.9549 0.2100
vn 0.2612 0.9412 0.2143
vn 0.2295 0.9549 0.1884
vn 0.2809 0.9412 0.1877
vn 0.2469 0.9549 0.1650
vn 0.2980 0.9412 0.1593
vn 0.2619 0.9549 0.1400
vn 0.3122 0.9412 0.1293
vn 0.2743 0.9549 0.1136
vn 0.3233 0.9412 0.0981
vn 0.2842 0.9549 0.0862
vn 0.3314 0.9412 0.0659
vn 0.2912 0.9549 0.0579
vn 0.3351 0.9413 0.0413
vn 0.2945 0.9550 0.0363
vn 0.3369 0.9410 0.0332
vn 0.2961 0.9547 0.0292
vn -0.3369 0.9410 0.0332
vn -0.3351 0.9413 0.0413
vn -0.2945 0.9550 0.0363
vn -0.2961 0.9547 0.0292
vn -0.3314 0.9412 0.0659
vn -0.2912 0.9549 0.0579
vn -0.3233 0.9412 0.0981
vn -0.2842 0.9549 0.0862
vn -0.3122 0.9412 0.1293
vn -0.2743 0.9549 0.1136
vn -0.2980 0.9412 0.1593
vn -0.2619 0.9549 0.1400
vn -0.2809 0.9412 0.1877
vn -0.2469 0.9549 0.1650
vn -0.2612 0.9412 0.2144
vn -0.2295 0.9549 0.1884
vn -0.2389 0.9412 0.2389
vn -0.2100 0.9549 0.2100
vn -0.2144 0.9412 0.2612
vn -0.1884 0.9549 0.2295
vn -0.1877 0.9412 0.2809
vn -0.1650 0.9549 0.2469
vn -0.1593 0.9412 0.2980
vn -0.1400 0.9549 0.2619
vn -0.1293 0.9412 0.3122
vn -0.1136 0.9549 0.2744
vn -0.0981 0.9412 0.3233
vn -0.0862 0.9549 0.2842
vn -0.0659 0.9412 0.3314
vn -0.0579 0.9549 0.2912
vn -0.0331 0.9412 0.3363
vn -0.0291 0.9549 0.2955
vn 0.0000 0.8999 0.4360
vn 0.0427 0.8999 0.4339
vn 0.0376 0.9234 0.3820
vn 0.0000 0.9234 0.3838
vn 0.0851 0.8999 0.4276
vn 0.0749 0.9234 0.3765
vn 0.1266 0.8999 0.4172
vn 0.1114 0.9234 0.3673
vn 0.1669 0.8999 0.4028
vn 0.1469 0.9234 0.3546
vn 0.2055 0.8999 0.3845
vn 0.1809 0.9234 0.3385
vn 0.2422 0.8999 0.3625
vn 0.2133 0.9234 0.3192
vn 0.2766 0.8999 0.3370
vn 0.2435 0.9234 0.2967
vn 0.3083 0.8999 0.3083
vn 0.2714 0.9234 0.2714
vn 0.3370 0.8999 0.2766
vn 0.2967 0.9234 0.2435
vn 0.3625 0.8999 0.2422
vn 0.3192 0.9234 0.2133
vn 0.3845 0.8999 0.2055
vn 0.3385 0.9234 0.1809
vn 0.4028 0.8999 0.1668
vn 0.3546 0.9234 0.1469
vn 0.4172 0.8999 0.1266
vn 0.3673 0.9234 0.1114
vn 0.4276 0.8999 0.0851
vn 0.3765 0.9234 0.0749
vn 0.4324 0.9001 0.0533
vn 0.3807 0.9235 0.0469
vn 0.4347 0.8996 0.0428
vn 0.3827 0.9231 0.0377
vn -0.4347 0.8996 0.0428
vn -0.4324 0.9001 0.0533
vn -0.3807 0.9235 0.0469
vn -0.3827 0.9231 0.0377
vn -0.4276 0.8999 0.0851
vn -0.3765 0.9234 0.0749
vn -0.4172 0.8999 0.1266
vn -0.3673 0.9234 0.1114
vn -0.4028 0.8999 0.1669
vn -0.3546 0.9234 0.1469
vn -0.3845 0.8999 0.2055
vn -0.3385 0.9234 0.1809
vn -0.3625 0.8999 0.2422
vn -0.3192 0.9234 0.2133
vn -0.3370 0.8999 0.2766
vn -0.2967 0.9234 0.2435
vn -0.3083 0.8999 0.3083
vn -0.2714 0.9234 0.2714
vn -0.2766 0.8999 0.3370
vn -0.2435 0.9234 0.2967
vn -0.2422 0.8999 0.3625
vn -0.2133 0.9234 0.3192
vn -0.2055 0.8999 0.3845
vn -0.1809 0.9234 0.3385
vn -0.1669 0.8999 0.4028
vn -0.1469 0.9234 0.3546
vn -0.1266 0.8999 0.4172
vn -0.1114 0.9234 0.3673
vn -0.0851 0.8999 0.4276
vn -0.0749 0.9234 0.3765
vn -0.0427 0.8999 0.4339
vn -0.0376 0.9234 0.3820
vn 0.0000 0.8699 0.4933
vn 0.0484 0.8698 0.4909
vn 0.0469 0.8781 0.4762
vn 0.0000 0.8781 0.4785
vn 0.0962 0.8699 0.4838
vn 0.0934 0.8781 0.4693
vn 0.1432 0.8698 0.4721
vn 0.1389 0.8781 0.4579
vn 0.1888 0.8699 0.4558
vn 0.1831 0.8781 0.4421
vn 0.2325 0.8698 0.4351
vn 0.2256 0.8781 0.4220
vn 0.2741 0.8699 0.4102
vn 0.2658 0.8781 0.3979
vn 0.3130 0.8698 0.3813
vn 0.3036 0.8781 0.3699
vn 0.3488 0.8699 0.3488
vn 0.3384 0.8781 0.3384
vn 0.3813 0.8698 0.3130
vn 0.3699 0.8781 0.3036
vn 0.4102 0.8699 0.2741
vn 0.3979 0.8781 0.2658
vn 0.4351 0.8699 0.2325
vn 0.4220 0.8781 0.2256
vn 0.4558 0.8699 0.1888
vn 0.4421 0.8781 0.1831
vn 0.4721 0.8699 0.1432
vn 0.4579 0.8781 0.1389
vn 0.4838 0.8699 0.0962
vn 0.4693 0.8781 0.0934
vn 0.4897 0.8698 0.0602
vn 0.4748 0.8781 0.0585
vn 0.4909 0.8699 0.0484
vn 0.4766 0.8778 0.0469
vn -0.4909 0.8699 0.0484
vn -0.4897 0.8698 0.0602
vn -0.4748 0.8781 0.0585
vn -0.4766 0.8778 0.0469
vn -0.4838 0.8699 0.0962
vn -0.4693 0.8781 0.0934
vn -0.4721 0.8699 0.1432
vn -0.4579 0.8781 0.1389
vn -0.4558 0.8699 0.1888
vn -0.4421 0.8781 0.1831
vn -0.4351 0.8698 0.2325
vn -0.4220 0.8781 0.2256
vn -0.4102 0.8699 0.2741
vn -0.3979 0.8781 0.2658
vn -0.3813 0.8698 0.3130
vn -0.3699 0.8781 0.3036
vn -0.3488 0.8699 0.3488
vn -0.3384 0.8781 0.3384
vn -0.3130 0.8698 0.3813
vn -0.3036 0.8781 0.3699
vn -0.2741 0.8699 0.4102
vn -0.2658 0.8781 0.3979
vn -0.2325 0.8698 0.4351
vn -0.2256 0.8781 0.4220
vn -0.1888 0.8699 0.4558
vn -0.1831 0.8781 0.4421
vn -0.1432 0.8699 0.4721
vn -0.1389 0.8781 0.4579
vn -0.0962 0.8699 0.4838
vn -0.0934 0.8781 0.4693
vn -0.0484 0.8699 0.4909
vn -0.0469 0.8781 0.4762
# 529 vertex normals

vt 0.4990 0.5900 -1.1228
vt 0.5140 0.5902 -1.1203
vt 0.5082 0.5874 -1.1774
vt 0.4991 0.5862 -1.1898
vt 0.5281 0.5895 -1.1258
vt 0.5148 0.5859 -1.1916
vt 0.4992 0.5757 -1.2795
vt 0.5432 0.5891 -1.1264
vt 0.5261 0.5867 -1.1814
vt 0.5557 0.5879 -1.1347
vt 0.5298 0.5851 -1.1966
vt 0.5700 0.5870 -1.1384
vt 0.5427 0.5854 -1.1890
vt 0.5802 0.5854 -1.1491
vt 0.5434 0.5837 -1.2049
vt 0.5931 0.5840 -1.1558
vt 0.5572 0.5836 -1.2002
vt 0.6007 0.5821 -1.1686
vt 0.5550 0.5819 -1.2161
vt 0.6115 0.5803 -1.1779
vt 0.5691 0.5813 -1.2144
vt 0.6162 0.5782 -1.1923
vt 0.5641 0.5798 -1.2296
vt 0.6246 0.5762 -1.2039
vt 0.5779 0.5787 -1.2311
vt 0.6263 0.5740 -1.2193
vt 0.5705 0.5774 -1.2451
vt 0.6321 0.5717 -1.2328
vt 0.5833 0.5758 -1.2496
vt 0.6310 0.5696 -1.2486
vt 0.5739 0.5749 -1.2619
vt 0.6341 0.5673 -1.2635
vt 0.5854 0.5729 -1.2693
vt 0.6284 0.5655 -1.2791
vt 0.5639 0.5732 -1.2794
vt 0.3700 0.5655 -1.2791
vt 0.3642 0.5673 -1.2635
vt 0.4130 0.5729 -1.2693
vt 0.4344 0.5732 -1.2794
vt 0.3673 0.5696 -1.2486
vt 0.4244 0.5749 -1.2619
vt 0.3661 0.5717 -1.2328
vt 0.4150 0.5758 -1.2496
vt 0.3719 0.5740 -1.2193
vt 0.4278 0.5774 -1.2451
vt 0.3736 0.5762 -1.2039
vt 0.4204 0.5787 -1.2311
vt 0.3820 0.5782 -1.1923
vt 0.4341 0.5798 -1.2296
vt 0.3866 0.5803 -1.1779
vt 0.4291 0.5813 -1.2144
vt 0.3975 0.5821 -1.1686
vt 0.4432 0.5819 -1.2161
vt 0.4050 0.5840 -1.1558
vt 0.4410 0.5836 -1.2002
vt 0.4179 0.5854 -1.1491
vt 0.4548 0.5837 -1.2049
vt 0.4281 0.5870 -1.1384
vt 0.4555 0.5854 -1.1890
vt 0.4424 0.5879 -1.1347
vt 0.4684 0.5851 -1.1966
vt 0.4549 0.5891 -1.1264
vt 0.4721 0.5867 -1.1814
vt 0.4700 0.5895 -1.1258
vt 0.4834 0.5859 -1.1916
vt 0.4841 0.5902 -1.1203
vt 0.4899 0.5874 -1.1774
vt 0.4989 0.5809 -0.9749
vt 0.5316 0.5806 -0.9764
vt 0.5219 0.5886 -1.0510
vt 0.4990 0.5888 -1.0499
vt 0.5637 0.5797 -0.9808
vt 0.5444 0.5879 -1.0543
vt 0.5946 0.5783 -0.9880
vt 0.5663 0.5869 -1.0598
vt 0.6238 0.5764 -0.9980
vt 0.5871 0.5855 -1.0674
vt 0.6508 0.5740 -1.0107
vt 0.6065 0.5837 -1.0770
vt 0.6753 0.5713 -1.0260
vt 0.6244 0.5816 -1.0885
vt 0.6969 0.5681 -1.0438
vt 0.6405 0.5793 -1.1019
vt 0.7154 0.5647 -1.0638
vt 0.6546 0.5767 -1.1170
vt 0.7308 0.5611 -1.0858
vt 0.6666 0.5739 -1.1336
vt 0.7430 0.5574 -1.1097
vt 0.6764 0.5710 -1.1516
vt 0.7520 0.5536 -1.1352
vt 0.6841 0.5680 -1.1709
vt 0.7579 0.5497 -1.1621
vt 0.6896 0.5649 -1.1912
vt 0.7609 0.5459 -1.1902
vt 0.6930 0.5618 -1.2123
vt 0.7611 0.5422 -1.2190
vt 0.6944 0.5587 -1.2341
vt 0.7587 0.5385 -1.2485
vt 0.6938 0.5557 -1.2563
vt 0.7551 0.5350 -1.2782
vt 0.6922 0.5528 -1.2787
vt 0.2432 0.5350 -1.2782
vt 0.2396 0.5385 -1.2485
vt 0.3045 0.5557 -1.2563
vt 0.3061 0.5528 -1.2787
vt 0.2371 0.5422 -1.2190
vt 0.3039 0.5587 -1.2341
vt 0.2373 0.5459 -1.1902
vt 0.3052 0.5618 -1.2123
vt 0.2402 0.5497 -1.1621
vt 0.3086 0.5649 -1.1912
vt 0.2461 0.5536 -1.1352
vt 0.3140 0.5680 -1.1709
vt 0.2551 0.5574 -1.1097
vt 0.3217 0.5710 -1.1516
vt 0.2672 0.5611 -1.0858
vt 0.3315 0.5739 -1.1336
vt 0.2825 0.5647 -1.0638
vt 0.3435 0.5767 -1.1170
vt 0.3011 0.5681 -1.0438
vt 0.3576 0.5793 -1.1019
vt 0.3226 0.5713 -1.0260
vt 0.3736 0.5816 -1.0885
vt 0.3471 0.5740 -1.0107
vt 0.3915 0.5837 -1.0770
vt 0.3741 0.5764 -0.9980
vt 0.4109 0.5855 -1.0674
vt 0.4032 0.5783 -0.9880
vt 0.4317 0.5869 -1.0598
vt 0.4341 0.5797 -0.9808
vt 0.4535 0.5879 -1.0543
vt 0.4662 0.5806 -0.9764
vt 0.4761 0.5886 -1.0510
vt 0.4987 0.5372 -0.8295
vt 0.5553 0.5368 -0.8316
vt 0.5426 0.5640 -0.9031
vt 0.4988 0.5644 -0.9013
vt 0.6105 0.5357 -0.8381
vt 0.5856 0.5630 -0.9085
vt 0.6630 0.5338 -0.8487
vt 0.6266 0.5613 -0.9175
vt 0.7115 0.5313 -0.8635
vt 0.6651 0.5590 -0.9299
vt 0.7553 0.5283 -0.8823
vt 0.7002 0.5561 -0.9457
vt 0.7936 0.5248 -0.9048
vt 0.7315 0.5528 -0.9647
vt 0.8260 0.5209 -0.9310
vt 0.7586 0.5491 -0.9867
vt 0.8524 0.5168 -0.9604
vt 0.7813 0.5451 -1.0115
vt 0.8727 0.5126 -0.9930
vt 0.7995 0.5410 -1.0388
vt 0.8872 0.5083 -1.0282
vt 0.8133 0.5367 -1.0685
vt 0.8963 0.5040 -1.0658
vt 0.8228 0.5324 -1.1002
vt 0.9003 0.4999 -1.1055
vt 0.8283 0.5282 -1.1335
vt 0.8997 0.4958 -1.1468
vt 0.8299 0.5240 -1.1683
vt 0.8950 0.4920 -1.1894
vt 0.8281 0.5199 -1.2041
vt 0.8867 0.4883 -1.2328
vt 0.8231 0.5160 -1.2406
vt 0.8771 0.4848 -1.2766
vt 0.8169 0.5123 -1.2775
vt 0.1213 0.4848 -1.2766
vt 0.1115 0.4883 -1.2328
vt 0.1751 0.5160 -1.2406
vt 0.1815 0.5123 -1.2775
vt 0.1032 0.4920 -1.1894
vt 0.1701 0.5199 -1.2041
vt 0.0984 0.4958 -1.1468
vt 0.1683 0.5240 -1.1683
vt 0.0978 0.4999 -1.1055
vt 0.1699 0.5282 -1.1335
vt 0.1017 0.5040 -1.0658
vt 0.1752 0.5324 -1.1002
vt 0.1107 0.5083 -1.0282
vt 0.1847 0.5367 -1.0685
vt 0.1251 0.5126 -0.9930
vt 0.1984 0.5410 -1.0388
vt 0.1454 0.5168 -0.9604
vt 0.2166 0.5451 -1.0115
vt 0.1717 0.5209 -0.9310
vt 0.2392 0.5491 -0.9867
vt 0.2040 0.5248 -0.9048
vt 0.2663 0.5528 -0.9647
vt 0.2423 0.5283 -0.8823
vt 0.2975 0.5561 -0.9457
vt 0.2860 0.5313 -0.8635
vt 0.3326 0.5590 -0.9299
vt 0.3345 0.5338 -0.8487
vt 0.3710 0.5613 -0.9175
vt 0.3870 0.5357 -0.8381
vt 0.4121 0.5630 -0.9085
vt 0.4421 0.5368 -0.8316
vt 0.4550 0.5640 -0.9031
vt 0.4985 0.4394 -0.6925
vt 0.5865 0.4392 -0.6953
vt 0.5698 0.4963 -0.7622
vt 0.4986 0.4967 -0.7597
vt 0.6717 0.4386 -0.7037
vt 0.6390 0.4953 -0.7697
vt 0.7513 0.4376 -0.7176
vt 0.7043 0.4936 -0.7820
vt 0.8231 0.4363 -0.7368
vt 0.7640 0.4913 -0.7990
vt 0.8855 0.4348 -0.7612
vt 0.8169 0.4886 -0.8207
vt 0.9378 0.4330 -0.7906
vt 0.8622 0.4855 -0.8467
vt 0.9794 0.4311 -0.8246
vt 0.8995 0.4821 -0.8768
vt 1.0108 0.4292 -0.8630
vt 0.9288 0.4786 -0.9108
vt 1.0324 0.4273 -0.9053
vt 0.9504 0.4750 -0.9484
vt 1.0451 0.4253 -0.9512
vt 0.9646 0.4714 -0.9890
vt 1.0499 0.4235 -1.0001
vt 0.9721 0.4679 -1.0324
vt 1.0479 0.4217 -1.0518
vt 0.9736 0.4645 -1.0782
vt 1.0399 0.4201 -1.1055
vt 0.9698 0.4612 -1.1259
vt 1.0270 0.4185 -1.1609
vt 0.9614 0.4581 -1.1750
vt 1.0099 0.4171 -1.2174
vt 0.9491 0.4553 -1.2251
vt 0.9918 0.4158 -1.2745
vt 0.9355 0.4526 -1.2756
vt 0.0065 0.4158 -1.2745
vt -0.0117 0.4171 -1.2174
vt 0.0492 0.4553 -1.2251
vt 0.0628 0.4526 -1.2756
vt -0.0288 0.4185 -1.1609
vt 0.0367 0.4581 -1.1750
vt -0.0418 0.4201 -1.1055
vt 0.0283 0.4612 -1.1259
vt -0.0499 0.4217 -1.0518
vt 0.0244 0.4645 -1.0782
vt -0.0521 0.4235 -1.0001
vt 0.0258 0.4679 -1.0324
vt -0.0474 0.4253 -0.9512
vt 0.0332 0.4714 -0.9890
vt -0.0347 0.4273 -0.9053
vt 0.0474 0.4750 -0.9484
vt -0.0133 0.4292 -0.8630
vt 0.0688 0.4786 -0.9108
vt 0.0180 0.4311 -0.8246
vt 0.0980 0.4821 -0.8768
vt 0.0595 0.4330 -0.7906
vt 0.1353 0.4855 -0.8467
vt 0.1116 0.4348 -0.7612
vt 0.1805 0.4886 -0.8207
vt 0.1740 0.4363 -0.7368
vt 0.2334 0.4913 -0.7990
vt 0.2457 0.4376 -0.7176
vt 0.2930 0.4936 -0.7820
vt 0.3252 0.4386 -0.7037
vt 0.3582 0.4953 -0.7697
vt 0.4104 0.4392 -0.6953
vt 0.4274 0.4963 -0.7622
vt 0.4981 0.2563 -0.5669
vt 0.6282 0.2571 -0.5703
vt 0.6059 0.3613 -0.6312
vt 0.4983 0.3611 -0.6281
vt 0.7526 0.2594 -0.5804
vt 0.7093 0.3616 -0.6405
vt 0.8661 0.2630 -0.5972
vt 0.8049 0.3622 -0.6559
vt 0.9650 0.2677 -0.6205
vt 0.8898 0.3630 -0.6772
vt 1.0472 0.2731 -0.6501
vt 0.9621 0.3640 -0.7043
vt 1.1117 0.2791 -0.6857
vt 1.0208 0.3650 -0.7368
vt 1.1591 0.2852 -0.7269
vt 1.0659 0.3661 -0.7745
vt 1.1907 0.2914 -0.7733
vt 1.0981 0.3672 -0.8171
vt 1.2082 0.2974 -0.8246
vt 1.1185 0.3684 -0.8640
vt 1.2138 0.3031 -0.8802
vt 1.1284 0.3694 -0.9148
vt 1.2093 0.3084 -0.9395
vt 1.1292 0.3704 -0.9691
vt 1.1968 0.3133 -1.0020
vt 1.1224 0.3714 -1.0263
vt 1.1777 0.3179 -1.0672
vt 1.1094 0.3723 -1.0859
vt 1.1535 0.3220 -1.1343
vt 1.0912 0.3731 -1.1473
vt 1.1254 0.3257 -1.2027
vt 1.0688 0.3739 -1.2100
vt 1.0972 0.3291 -1.2718
vt 1.0458 0.3745 -1.2732
vt -0.0988 0.3291 -1.2718
vt -0.1272 0.3257 -1.2027
vt -0.0706 0.3739 -1.2100
vt -0.0475 0.3745 -1.2732
vt -0.1554 0.3220 -1.1343
vt -0.0930 0.3731 -1.1473
vt -0.1797 0.3179 -1.0672
vt -0.1113 0.3723 -1.0859
vt -0.1989 0.3133 -1.0020
vt -0.1245 0.3714 -1.0263
vt -0.2116 0.3084 -0.9395
vt -0.1314 0.3704 -0.9691
vt -0.2162 0.3031 -0.8802
vt -0.1307 0.3694 -0.9148
vt -0.2108 0.2974 -0.8246
vt -0.1209 0.3684 -0.8640
vt -0.1934 0.2914 -0.7733
vt -0.1007 0.3672 -0.8171
vt -0.1620 0.2852 -0.7269
vt -0.0687 0.3661 -0.7745
vt -0.1148 0.2791 -0.6857
vt -0.0237 0.3650 -0.7368
vt -0.0504 0.2731 -0.6501
vt 0.0349 0.3640 -0.7043
vt 0.0315 0.2677 -0.6205
vt 0.1070 0.3630 -0.6772
vt 0.1303 0.2630 -0.5972
vt 0.1918 0.3622 -0.6559
vt 0.2438 0.2594 -0.5804
vt 0.2874 0.3616 -0.6405
vt 0.3680 0.2571 -0.5703
vt 0.3908 0.3613 -0.6312
vt 0.4976 -0.0619 -0.4551
vt 0.6842 -0.0580 -0.4590
vt 0.6541 0.1201 -0.5128
vt 0.4979 0.1182 -0.5091
vt 0.8597 -0.0470 -0.4707
vt 0.8024 0.1257 -0.5237
vt 1.0151 -0.0298 -0.4901
vt 0.9358 0.1345 -0.5419
vt 1.1444 -0.0081 -0.5170
vt 1.0497 0.1457 -0.5670
vt 1.2451 0.0165 -0.5512
vt 1.1414 0.1586 -0.5990
vt 1.3176 0.0422 -0.5922
vt 1.2107 0.1724 -0.6374
vt 1.3645 0.0679 -0.6398
vt 1.2588 0.1864 -0.6819
vt 1.3892 0.0926 -0.6934
vt 1.2880 0.2002 -0.7320
vt 1.3958 0.1158 -0.7525
vt 1.3010 0.2134 -0.7874
vt 1.3880 0.1371 -0.8167
vt 1.3006 0.2257 -0.8474
vt 1.3691 0.1565 -0.8851
vt 1.2896 0.2371 -0.9115
vt 1.3419 0.1739 -0.9573
vt 1.2702 0.2475 -0.9790
vt 1.3085 0.1895 -1.0325
vt 1.2443 0.2569 -1.0493
vt 1.2709 0.2033 -1.1099
vt 1.2136 0.2653 -1.1218
vt 1.2303 0.2155 -1.1889
vt 1.1793 0.2729 -1.1957
vt 1.1910 0.2264 -1.2686
vt 1.1456 0.2796 -1.2703
vt -0.1927 0.2264 -1.2686
vt -0.2321 0.2155 -1.1889
vt -0.1811 0.2729 -1.1957
vt -0.1473 0.2796 -1.2703
vt -0.2728 0.2033 -1.1099
vt -0.2155 0.2653 -1.1218
vt -0.3106 0.1895 -1.0325
vt -0.2463 0.2569 -1.0493
vt -0.3441 0.1739 -0.9573
vt -0.2724 0.2475 -0.9790
vt -0.3715 0.1565 -0.8851
vt -0.2919 0.2371 -0.9115
vt -0.3906 0.1371 -0.8167
vt -0.3032 0.2257 -0.8474
vt -0.3987 0.1158 -0.7525
vt -0.3037 0.2134 -0.7874
vt -0.3923 0.0926 -0.6934
vt -0.2909 0.2002 -0.7320
vt -0.3678 0.0679 -0.6398
vt -0.2619 0.1864 -0.6819
vt -0.3213 0.0422 -0.5922
vt -0.2140 0.1724 -0.6374
vt -0.2490 0.0165 -0.5512
vt -0.1450 0.1586 -0.5990
vt -0.1486 -0.0081 -0.5170
vt -0.0534 0.1457 -0.5670
vt -0.0195 -0.0298 -0.4901
vt 0.0602 0.1345 -0.5419
vt 0.1357 -0.0470 -0.4707
vt 0.1935 0.1257 -0.5237
vt 0.3112 -0.0580 -0.4590
vt 0.3417 0.1201 -0.5128
vt 0.4970 -0.5914 -0.3595
vt 0.7590 -0.5796 -0.3638
vt 0.7190 -0.2874 -0.4093
vt 0.4974 -0.2943 -0.4051
vt 1.0005 -0.5462 -0.3769
vt 0.9255 -0.2675 -0.4217
vt 1.2056 -0.4956 -0.3985
vt 1.1049 -0.2371 -0.4423
vt 1.3660 -0.4339 -0.4284
vt 1.2499 -0.1993 -0.4707
vt 1.4804 -0.3669 -0.4664
vt 1.3583 -0.1574 -0.5069
vt 1.5528 -0.2996 -0.5121
vt 1.4320 -0.1144 -0.5504
vt 1.5898 -0.2352 -0.5650
vt 1.4753 -0.0723 -0.6008
vt 1.5989 -0.1757 -0.6247
vt 1.4934 -0.0326 -0.6575
vt 1.5868 -0.1220 -0.6906
vt 1.4916 0.0040 -0.7202
vt 1.5596 -0.0743 -0.7619
vt 1.4748 0.0371 -0.7881
vt 1.5218 -0.0323 -0.8382
vt 1.4469 0.0666 -0.8607
vt 1.4769 0.0045 -0.9185
vt 1.4111 0.0928 -0.9371
vt 1.4274 0.0364 -1.0022
vt 1.3698 0.1159 -1.0167
vt 1.3752 0.0643 -1.0884
vt 1.3249 0.1362 -1.0988
vt 1.3217 0.0884 -1.1763
vt 1.2778 0.1540 -1.1824
vt 1.2715 0.1094 -1.2650
vt 1.2330 0.1695 -1.2669
vt -0.2732 0.1094 -1.2650
vt -0.3235 0.0884 -1.1763
vt -0.2796 0.1540 -1.1824
vt -0.2347 0.1695 -1.2669
vt -0.3772 0.0643 -1.0884
vt -0.3269 0.1362 -1.0988
vt -0.4295 0.0364 -1.0022
vt -0.3719 0.1159 -1.0167
vt -0.4792 0.0045 -0.9185
vt -0.4133 0.0928 -0.9371
vt -0.5243 -0.0323 -0.8382
vt -0.4493 0.0666 -0.8607
vt -0.5625 -0.0743 -0.7619
vt -0.4775 0.0371 -0.7881
vt -0.5899 -0.1220 -0.6906
vt -0.4946 0.0040 -0.7202
vt -0.6023 -0.1757 -0.6247
vt -0.4966 -0.0326 -0.6575
vt -0.5935 -0.2352 -0.5650
vt -0.4788 -0.0723 -0.6008
vt -0.5570 -0.2996 -0.5121
vt -0.4359 -0.1144 -0.5504
vt -0.4850 -0.3669 -0.4664
vt -0.3625 -0.1574 -0.5069
vt -0.3710 -0.4339 -0.4284
vt -0.2545 -0.1993 -0.4707
vt -0.2110 -0.4956 -0.3985
vt -0.1097 -0.2371 -0.4423
vt -0.0062 -0.5462 -0.3769
vt 0.0694 -0.2675 -0.4217
vt 0.2351 -0.5796 -0.3638
vt 0.2758 -0.2874 -0.4093
vt 0.4962 -1.4448 -0.2795
vt 0.8597 -1.4143 -0.2842
vt 0.8046 -0.9476 -0.3229
vt 0.4966 -0.9667 -0.3183
vt 1.1857 -1.3290 -0.2983
vt 1.0849 -0.8936 -0.3365
vt 1.4476 -1.2040 -0.3217
vt 1.3172 -0.8132 -0.3590
vt 1.6358 -1.0582 -0.3542
vt 1.4920 -0.7171 -0.3903
vt 1.7539 -0.9076 -0.3954
vt 1.6098 -0.6152 -0.4299
vt 1.8138 -0.7634 -0.4449
vt 1.6779 -0.5152 -0.4776
vt 1.8291 -0.6319 -0.5023
vt 1.7058 -0.4216 -0.5328
vt 1.8126 -0.5156 -0.5670
vt 1.7036 -0.3369 -0.5951
vt 1.7746 -0.4146 -0.6384
vt 1.6798 -0.2619 -0.6638
vt 1.7229 -0.3279 -0.7157
vt 1.6411 -0.1964 -0.7382
vt 1.6630 -0.2538 -0.7984
vt 1.5927 -0.1396 -0.8177
vt 1.5986 -0.1907 -0.8855
vt 1.5383 -0.0906 -0.9016
vt 1.5322 -0.1370 -0.9762
vt 1.4806 -0.0484 -0.9888
vt 1.4655 -0.0912 -1.0696
vt 1.4213 -0.0120 -1.0788
vt 1.3995 -0.0520 -1.1649
vt 1.3616 0.0193 -1.1705
vt 1.3390 -0.0185 -1.2611
vt 1.3061 0.0463 -1.2631
vt -0.3407 -0.0185 -1.2611
vt -0.4014 -0.0520 -1.1649
vt -0.3634 0.0193 -1.1705
vt -0.3078 0.0463 -1.2631
vt -0.4675 -0.0912 -1.0696
vt -0.4233 -0.0120 -1.0788
vt -0.5344 -0.1370 -0.9762
vt -0.4827 -0.0484 -0.9888
vt -0.6010 -0.1907 -0.8855
vt -0.5407 -0.0906 -0.9016
vt -0.6656 -0.2538 -0.7984
vt -0.5953 -0.1396 -0.8177
vt -0.7259 -0.3279 -0.7157
vt -0.6440 -0.1964 -0.7382
vt -0.7780 -0.4146 -0.6384
vt -0.6830 -0.2619 -0.6638
vt -0.8164 -0.5156 -0.5670
vt -0.7072 -0.3369 -0.5950
vt -0.8333 -0.6319 -0.5023
vt -0.7098 -0.4216 -0.5328
vt -0.8186 -0.7634 -0.4449
vt -0.6824 -0.5152 -0.4776
vt -0.7593 -0.9076 -0.3954
vt -0.6148 -0.6152 -0.4299
vt -0.6418 -1.0582 -0.3542
vt -0.4975 -0.7171 -0.3903
vt -0.4543 -1.2040 -0.3217
vt -0.3231 -0.8132 -0.3590
vt -0.1929 -1.3290 -0.2983
vt -0.0913 -0.8936 -0.3365
vt 0.1327 -1.4143 -0.2842
vt 0.1888 -0.9476 -0.3229
# 529 texture coords

g 002遠景
usemtl mat1
s 2
f 41/41/2 42/42/3 43/43/4 44/44/5 
f 45/45/6 46/46/7 43/43/4 42/42/3 
f 47/47/8 44/44/5 43/43/4 46/46/7 
f 45/45/6 48/48/9 49/49/10 46/46/7 
f 50/50/11 51/51/12 49/49/10 48/48/9 
f 47/47/8 46/46/7 49/49/10 51/51/12 
f 50/50/11 52/52/13 53/53/14 51/51/12 
f 54/54/15 55/55/16 53/53/14 52/52/13 
f 47/47/8 51/51/12 53/53/14 55/55/16 
f 54/54/15 56/56/17 57/57/18 55/55/16 
f 58/58/19 59/59/20 57/57/18 56/56/17 
f 47/47/8 55/55/16 57/57/18 59/59/20 
f 58/58/19 60/60/21 61/61/22 59/59/20 
f 62/62/23 63/63/24 61/61/22 60/60/21 
f 47/47/8 59/59/20 61/61/22 63/63/24 
f 62/62/23 64/64/25 65/65/26 63/63/24 
f 66/66/27 67/67/28 65/65/26 64/64/25 
f 47/47/8 63/63/24 65/65/26 67/67/28 
f 66/66/27 68/68/29 69/69/30 67/67/28 
f 70/70/31 71/71/32 69/69/30 68/68/29 
f 47/47/8 67/67/28 69/69/30 71/71/32 
f 70/70/31 72/72/33 73/73/34 71/71/32 
f 74/74/35 75/75/36 73/73/34 72/72/33 
f 47/47/8 71/71/32 73/73/34 75/75/36 
f 76/76/37 77/77/38 78/78/39 79/79/40 
f 80/80/41 81/81/42 78/78/39 77/77/38 
f 47/47/8 79/79/40 78/78/39 81/81/42 
f 80/80/41 82/82/43 83/83/44 81/81/42 
f 84/84/45 85/85/46 83/83/44 82/82/43 
f 47/47/8 81/81/42 83/83/44 85/85/46 
f 84/84/45 86/86/47 87/87/48 85/85/46 
f 88/88/49 89/89/50 87/87/48 86/86/47 
f 47/47/8 85/85/46 87/87/48 89/89/50 
f 88/88/49 90/90/51 91/91/52 89/89/50 
f 92/92/53 93/93/54 91/91/52 90/90/51 
f 47/47/8 89/89/50 91/91/52 93/93/54 
f 92/92/53 94/94/55 95/95/56 93/93/54 
f 96/96/57 97/97/58 95/95/56 94/94/55 
f 47/47/8 93/93/54 95/95/56 97/97/58 
f 96/96/57 98/98/59 99/99/60 97/97/58 
f 100/100/61 101/101/62 99/99/60 98/98/59 
f 47/47/8 97/97/58 99/99/60 101/101/62 
f 100/100/61 102/102/63 103/103/64 101/101/62 
f 104/104/65 105/105/66 103/103/64 102/102/63 
f 47/47/8 101/101/62 103/103/64 105/105/66 
f 104/104/65 106/106/67 107/107/68 105/105/66 
f 41/41/2 44/44/5 107/107/68 106/106/67 
f 47/47/8 105/105/66 107/107/68 44/44/5 
f 108/108/69 109/109/70 110/110/71 111/111/72 
f 112/112/73 113/113/74 110/110/71 109/109/70 
f 45/45/6 42/42/3 110/110/71 113/113/74 
f 41/41/2 111/111/72 110/110/71 42/42/3 
f 112/112/73 114/114/75 115/115/76 113/113/74 
f 116/116/77 117/117/78 115/115/76 114/114/75 
f 50/50/11 48/48/9 115/115/76 117/117/78 
f 45/45/6 113/113/74 115/115/76 48/48/9 
f 116/116/77 118/118/79 119/119/80 117/117/78 
f 120/120/81 121/121/82 119/119/80 118/118/79 
f 54/54/15 52/52/13 119/119/80 121/121/82 
f 50/50/11 117/117/78 119/119/80 52/52/13 
f 120/120/81 122/122/83 123/123/84 121/121/82 
f 124/124/85 125/125/86 123/123/84 122/122/83 
f 58/58/19 56/56/17 123/123/84 125/125/86 
f 54/54/15 121/121/82 123/123/84 56/56/17 
f 124/124/85 126/126/87 127/127/88 125/125/86 
f 128/128/89 129/129/90 127/127/88 126/126/87 
f 62/62/23 60/60/21 127/127/88 129/129/90 
f 58/58/19 125/125/86 127/127/88 60/60/21 
f 128/128/89 130/130/91 131/131/92 129/129/90 
f 132/132/93 133/133/94 131/131/92 130/130/91 
f 66/66/27 64/64/25 131/131/92 133/133/94 
f 62/62/23 129/129/90 131/131/92 64/64/25 
f 132/132/93 134/134/95 135/135/96 133/133/94 
f 136/136/97 137/137/98 135/135/96 134/134/95 
f 70/70/31 68/68/29 135/135/96 137/137/98 
f 66/66/27 133/133/94 135/135/96 68/68/29 
f 136/136/97 138/138/99 139/139/100 137/137/98 
f 140/140/101 141/141/102 139/139/100 138/138/99 
f 74/74/35 72/72/33 139/139/100 141/141/102 
f 70/70/31 137/137/98 139/139/100 72/72/33 
f 142/142/103 143/143/104 144/144/105 145/145/106 
f 146/146/107 147/147/108 144/144/105 143/143/104 
f 80/80/41 77/77/38 144/144/105 147/147/108 
f 76/76/37 145/145/106 144/144/105 77/77/38 
f 146/146/107 148/148/109 149/149/110 147/147/108 
f 150/150/111 151/151/112 149/149/110 148/148/109 
f 84/84/45 82/82/43 149/149/110 151/151/112 
f 80/80/41 147/147/108 149/149/110 82/82/43 
f 150/150/111 152/152/113 153/153/114 151/151/112 
f 154/154/115 155/155/116 153/153/114 152/152/113 
f 88/88/49 86/86/47 153/153/114 155/155/116 
f 84/84/45 151/151/112 153/153/114 86/86/47 
f 154/154/115 156/156/117 157/157/118 155/155/116 
f 158/158/119 159/159/120 157/157/118 156/156/117 
f 92/92/53 90/90/51 157/157/118 159/159/120 
f 88/88/49 155/155/116 157/157/118 90/90/51 
f 158/158/119 160/160/121 161/161/122 159/159/120 
f 162/162/123 163/163/124 161/161/122 160/160/121 
f 96/96/57 94/94/55 161/161/122 163/163/124 
f 92/92/53 159/159/120 161/161/122 94/94/55 
f 162/162/123 164/164/125 165/165/126 163/163/124 
f 166/166/127 167/167/128 165/165/126 164/164/125 
f 100/100/61 98/98/59 165/165/126 167/167/128 
f 96/96/57 163/163/124 165/165/126 98/98/59 
f 166/166/127 168/168/129 169/169/130 167/167/128 
f 170/170/131 171/171/132 169/169/130 168/168/129 
f 104/104/65 102/102/63 169/169/130 171/171/132 
f 100/100/61 167/167/128 169/169/130 102/102/63 
f 170/170/131 172/172/133 173/173/134 171/171/132 
f 108/108/69 111/111/72 173/173/134 172/172/133 
f 41/41/2 106/106/67 173/173/134 111/111/72 
f 104/104/65 171/171/132 173/173/134 106/106/67 
f 174/174/135 175/175/136 176/176/137 177/177/138 
f 178/178/139 179/179/140 176/176/137 175/175/136 
f 112/112/73 109/109/70 176/176/137 179/179/140 
f 108/108/69 177/177/138 176/176/137 109/109/70 
f 178/178/139 180/180/141 181/181/142 179/179/140 
f 182/182/143 183/183/144 181/181/142 180/180/141 
f 116/116/77 114/114/75 181/181/142 183/183/144 
f 112/112/73 179/179/140 181/181/142 114/114/75 
f 182/182/143 184/184/145 185/185/146 183/183/144 
f 186/186/147 187/187/148 185/185/146 184/184/145 
f 120/120/81 118/118/79 185/185/146 187/187/148 
f 116/116/77 183/183/144 185/185/146 118/118/79 
f 186/186/147 188/188/149 189/189/150 187/187/148 
f 190/190/151 191/191/152 189/189/150 188/188/149 
f 124/124/85 122/122/83 189/189/150 191/191/152 
f 120/120/81 187/187/148 189/189/150 122/122/83 
f 190/190/151 192/192/153 193/193/154 191/191/152 
f 194/194/155 195/195/156 193/193/154 192/192/153 
f 128/128/89 126/126/87 193/193/154 195/195/156 
f 124/124/85 191/191/152 193/193/154 126/126/87 
f 194/194/155 196/196/157 197/197/158 195/195/156 
f 198/198/159 199/199/160 197/197/158 196/196/157 
f 132/132/93 130/130/91 197/197/158 199/199/160 
f 128/128/89 195/195/156 197/197/158 130/130/91 
f 198/198/159 200/200/161 201/201/162 199/199/160 
f 202/202/163 203/203/164 201/201/162 200/200/161 
f 136/136/97 134/134/95 201/201/162 203/203/164 
f 132/132/93 199/199/160 201/201/162 134/134/95 
f 202/202/163 204/204/165 205/205/166 203/203/164 
f 206/206/167 207/207/168 205/205/166 204/204/165 
f 140/140/101 138/138/99 205/205/166 207/207/168 
f 136/136/97 203/203/164 205/205/166 138/138/99 
f 208/208/169 209/209/170 210/210/171 211/211/172 
f 212/212/173 213/213/174 210/210/171 209/209/170 
f 146/146/107 143/143/104 210/210/171 213/213/174 
f 142/142/103 211/211/172 210/210/171 143/143/104 
f 212/212/173 214/214/175 215/215/176 213/213/174 
f 216/216/177 217/217/178 215/215/176 214/214/175 
f 150/150/111 148/148/109 215/215/176 217/217/178 
f 146/146/107 213/213/174 215/215/176 148/148/109 
f 216/216/177 218/218/179 219/219/180 217/217/178 
f 220/220/181 221/221/182 219/219/180 218/218/179 
f 154/154/115 152/152/113 219/219/180 221/221/182 
f 150/150/111 217/217/178 219/219/180 152/152/113 
f 220/220/181 222/222/183 223/223/184 221/221/182 
f 224/224/185 225/225/186 223/223/184 222/222/183 
f 158/158/119 156/156/117 223/223/184 225/225/186 
f 154/154/115 221/221/182 223/223/184 156/156/117 
f 224/224/185 226/226/187 227/227/188 225/225/186 
f 228/228/189 229/229/190 227/227/188 226/226/187 
f 162/162/123 160/160/121 227/227/188 229/229/190 
f 158/158/119 225/225/186 227/227/188 160/160/121 
f 228/228/189 230/230/191 231/231/192 229/229/190 
f 232/232/193 233/233/194 231/231/192 230/230/191 
f 166/166/127 164/164/125 231/231/192 233/233/194 
f 162/162/123 229/229/190 231/231/192 164/164/125 
f 232/232/193 234/234/195 235/235/196 233/233/194 
f 236/236/197 237/237/198 235/235/196 234/234/195 
f 170/170/131 168/168/129 235/235/196 237/237/198 
f 166/166/127 233/233/194 235/235/196 168/168/129 
f 236/236/197 238/238/199 239/239/200 237/237/198 
f 174/174/135 177/177/138 239/239/200 238/238/199 
f 108/108/69 172/172/133 239/239/200 177/177/138 
f 170/170/131 237/237/198 239/239/200 172/172/133 
f 240/240/201 241/241/202 242/242/203 243/243/204 
f 244/244/205 245/245/206 242/242/203 241/241/202 
f 178/178/139 175/175/136 242/242/203 245/245/206 
f 174/174/135 243/243/204 242/242/203 175/175/136 
f 244/244/205 246/246/207 247/247/208 245/245/206 
f 248/248/209 249/249/210 247/247/208 246/246/207 
f 182/182/143 180/180/141 247/247/208 249/249/210 
f 178/178/139 245/245/206 247/247/208 180/180/141 
f 248/248/209 250/250/211 251/251/212 249/249/210 
f 252/252/213 253/253/214 251/251/212 250/250/211 
f 186/186/147 184/184/145 251/251/212 253/253/214 
f 182/182/143 249/249/210 251/251/212 184/184/145 
f 252/252/213 254/254/215 255/255/216 253/253/214 
f 256/256/217 257/257/218 255/255/216 254/254/215 
f 190/190/151 188/188/149 255/255/216 257/257/218 
f 186/186/147 253/253/214 255/255/216 188/188/149 
f 256/256/217 258/258/219 259/259/220 257/257/218 
f 260/260/221 261/261/222 259/259/220 258/258/219 
f 194/194/155 192/192/153 259/259/220 261/261/222 
f 190/190/151 257/257/218 259/259/220 192/192/153 
f 260/260/221 262/262/223 263/263/224 261/261/222 
f 264/264/225 265/265/226 263/263/224 262/262/223 
f 198/198/159 196/196/157 263/263/224 265/265/226 
f 194/194/155 261/261/222 263/263/224 196/196/157 
f 264/264/225 266/266/227 267/267/228 265/265/226 
f 268/268/229 269/269/230 267/267/228 266/266/227 
f 202/202/163 200/200/161 267/267/228 269/269/230 
f 198/198/159 265/265/226 267/267/228 200/200/161 
f 268/268/229 270/270/231 271/271/232 269/269/230 
f 272/272/233 273/273/234 271/271/232 270/270/231 
f 206/206/167 204/204/165 271/271/232 273/273/234 
f 202/202/163 269/269/230 271/271/232 204/204/165 
f 274/274/235 275/275/236 276/276/237 277/277/238 
f 278/278/239 279/279/240 276/276/237 275/275/236 
f 212/212/173 209/209/170 276/276/237 279/279/240 
f 208/208/169 277/277/238 276/276/237 209/209/170 
f 278/278/239 280/280/241 281/281/242 279/279/240 
f 282/282/243 283/283/244 281/281/242 280/280/241 
f 216/216/177 214/214/175 281/281/242 283/283/244 
f 212/212/173 279/279/240 281/281/242 214/214/175 
f 282/282/243 284/284/245 285/285/246 283/283/244 
f 286/286/247 287/287/248 285/285/246 284/284/245 
f 220/220/181 218/218/179 285/285/246 287/287/248 
f 216/216/177 283/283/244 285/285/246 218/218/179 
f 286/286/247 288/288/249 289/289/250 287/287/248 
f 290/290/251 291/291/252 289/289/250 288/288/249 
f 224/224/185 222/222/183 289/289/250 291/291/252 
f 220/220/181 287/287/248 289/289/250 222/222/183 
f 290/290/251 292/292/253 293/293/254 291/291/252 
f 294/294/255 295/295/256 293/293/254 292/292/253 
f 228/228/189 226/226/187 293/293/254 295/295/256 
f 224/224/185 291/291/252 293/293/254 226/226/187 
f 294/294/255 296/296/257 297/297/258 295/295/256 
f 298/298/259 299/299/260 297/297/258 296/296/257 
f 232/232/193 230/230/191 297/297/258 299/299/260 
f 228/228/189 295/295/256 297/297/258 230/230/191 
f 298/298/259 300/300/261 301/301/262 299/299/260 
f 302/302/263 303/303/264 301/301/262 300/300/261 
f 236/236/197 234/234/195 301/301/262 303/303/264 
f 232/232/193 299/299/260 301/301/262 234/234/195 
f 302/302/263 304/304/265 305/305/266 303/303/264 
f 240/240/201 243/243/204 305/305/266 304/304/265 
f 174/174/135 238/238/199 305/305/266 243/243/204 
f 236/236/197 303/303/264 305/305/266 238/238/199 
f 306/306/267 307/307/268 308/308/269 309/309/270 
f 310/310/271 311/311/272 308/308/269 307/307/268 
f 244/244/205 241/241/202 308/308/269 311/311/272 
f 240/240/201 309/309/270 308/308/269 241/241/202 
f 310/310/271 312/312/273 313/313/274 311/311/272 
f 314/314/275 315/315/276 313/313/274 312/312/273 
f 248/248/209 246/246/207 313/313/274 315/315/276 
f 244/244/205 311/311/272 313/313/274 246/246/207 
f 314/314/275 316/316/277 317/317/278 315/315/276 
f 318/318/279 319/319/280 317/317/278 316/316/277 
f 252/252/213 250/250/211 317/317/278 319/319/280 
f 248/248/209 315/315/276 317/317/278 250/250/211 
f 318/318/279 320/320/281 321/321/282 319/319/280 
f 322/322/283 323/323/284 321/321/282 320/320/281 
f 256/256/217 254/254/215 321/321/282 323/323/284 
f 252/252/213 319/319/280 321/321/282 254/254/215 
f 322/322/283 324/324/285 325/325/286 323/323/284 
f 326/326/287 327/327/288 325/325/286 324/324/285 
f 260/260/221 258/258/219 325/325/286 327/327/288 
f 256/256/217 323/323/284 325/325/286 258/258/219 
f 326/326/287 328/328/289 329/329/290 327/327/288 
f 330/330/291 331/331/292 329/329/290 328/328/289 
f 264/264/225 262/262/223 329/329/290 331/331/292 
f 260/260/221 327/327/288 329/329/290 262/262/223 
f 330/330/291 332/332/293 333/333/294 331/331/292 
f 334/334/295 335/335/296 333/333/294 332/332/293 
f 268/268/229 266/266/227 333/333/294 335/335/296 
f 264/264/225 331/331/292 333/333/294 266/266/227 
f 334/334/295 336/336/297 337/337/298 335/335/296 
f 338/338/299 339/339/300 337/337/298 336/336/297 
f 272/272/233 270/270/231 337/337/298 339/339/300 
f 268/268/229 335/335/296 337/337/298 270/270/231 
f 340/340/301 341/341/302 342/342/303 343/343/304 
f 344/344/305 345/345/306 342/342/303 341/341/302 
f 278/278/239 275/275/236 342/342/303 345/345/306 
f 274/274/235 343/343/304 342/342/303 275/275/236 
f 344/344/305 346/346/307 347/347/308 345/345/306 
f 348/348/309 349/349/310 347/347/308 346/346/307 
f 282/282/243 280/280/241 347/347/308 349/349/310 
f 278/278/239 345/345/306 347/347/308 280/280/241 
f 348/348/309 350/350/311 351/351/312 349/349/310 
f 352/352/313 353/353/314 351/351/312 350/350/311 
f 286/286/247 284/284/245 351/351/312 353/353/314 
f 282/282/243 349/349/310 351/351/312 284/284/245 
f 352/352/313 354/354/315 355/355/316 353/353/314 
f 356/356/317 357/357/318 355/355/316 354/354/315 
f 290/290/251 288/288/249 355/355/316 357/357/318 
f 286/286/247 353/353/314 355/355/316 288/288/249 
f 356/356/317 358/358/319 359/359/320 357/357/318 
f 360/360/321 361/361/322 359/359/320 358/358/319 
f 294/294/255 292/292/253 359/359/320 361/361/322 
f 290/290/251 357/357/318 359/359/320 292/292/253 
f 360/360/321 362/362/323 363/363/324 361/361/322 
f 364/364/325 365/365/326 363/363/324 362/362/323 
f 298/298/259 296/296/257 363/363/324 365/365/326 
f 294/294/255 361/361/322 363/363/324 296/296/257 
f 364/364/325 366/366/327 367/367/328 365/365/326 
f 368/368/329 369/369/330 367/367/328 366/366/327 
f 302/302/263 300/300/261 367/367/328 369/369/330 
f 298/298/259 365/365/326 367/367/328 300/300/261 
f 368/368/329 370/370/331 371/371/332 369/369/330 
f 306/306/267 309/309/270 371/371/332 370/370/331 
f 240/240/201 304/304/265 371/371/332 309/309/270 
f 302/302/263 369/369/330 371/371/332 304/304/265 
f 372/372/333 373/373/334 374/374/335 375/375/336 
f 376/376/337 377/377/338 374/374/335 373/373/334 
f 310/310/271 307/307/268 374/374/335 377/377/338 
f 306/306/267 375/375/336 374/374/335 307/307/268 
f 376/376/337 378/378/339 379/379/340 377/377/338 
f 380/380/341 381/381/342 379/379/340 378/378/339 
f 314/314/275 312/312/273 379/379/340 381/381/342 
f 310/310/271 377/377/338 379/379/340 312/312/273 
f 380/380/341 382/382/343 383/383/344 381/381/342 
f 384/384/345 385/385/346 383/383/344 382/382/343 
f 318/318/279 316/316/277 383/383/344 385/385/346 
f 314/314/275 381/381/342 383/383/344 316/316/277 
f 384/384/345 386/386/347 387/387/348 385/385/346 
f 388/388/349 389/389/350 387/387/348 386/386/347 
f 322/322/283 320/320/281 387/387/348 389/389/350 
f 318/318/279 385/385/346 387/387/348 320/320/281 
f 388/388/349 390/390/351 391/391/352 389/389/350 
f 392/392/353 393/393/354 391/391/352 390/390/351 
f 326/326/287 324/324/285 391/391/352 393/393/354 
f 322/322/283 389/389/350 391/391/352 324/324/285 
f 392/392/353 394/394/355 395/395/356 393/393/354 
f 396/396/357 397/397/358 395/395/356 394/394/355 
f 330/330/291 328/328/289 395/395/356 397/397/358 
f 326/326/287 393/393/354 395/395/356 328/328/289 
f 396/396/357 398/398/359 399/399/360 397/397/358 
f 400/400/361 401/401/362 399/399/360 398/398/359 
f 334/334/295 332/332/293 399/399/360 401/401/362 
f 330/330/291 397/397/358 399/399/360 332/332/293 
f 400/400/361 402/402/363 403/403/364 401/401/362 
f 404/404/365 405/405/366 403/403/364 402/402/363 
f 338/338/299 336/336/297 403/403/364 405/405/366 
f 334/334/295 401/401/362 403/403/364 336/336/297 
f 406/406/367 407/407/368 408/408/369 409/409/370 
f 410/410/371 411/411/372 408/408/369 407/407/368 
f 344/344/305 341/341/302 408/408/369 411/411/372 
f 340/340/301 409/409/370 408/408/369 341/341/302 
f 410/410/371 412/412/373 413/413/374 411/411/372 
f 414/414/375 415/415/376 413/413/374 412/412/373 
f 348/348/309 346/346/307 413/413/374 415/415/376 
f 344/344/305 411/411/372 413/413/374 346/346/307 
f 414/414/375 416/416/377 417/417/378 415/415/376 
f 418/418/379 419/419/380 417/417/378 416/416/377 
f 352/352/313 350/350/311 417/417/378 419/419/380 
f 348/348/309 415/415/376 417/417/378 350/350/311 
f 418/418/379 420/420/381 421/421/382 419/419/380 
f 422/422/383 423/423/384 421/421/382 420/420/381 
f 356/356/317 354/354/315 421/421/382 423/423/384 
f 352/352/313 419/419/380 421/421/382 354/354/315 
f 422/422/383 424/424/385 425/425/386 423/423/384 
f 426/426/387 427/427/388 425/425/386 424/424/385 
f 360/360/321 358/358/319 425/425/386 427/427/388 
f 356/356/317 423/423/384 425/425/386 358/358/319 
f 426/426/387 428/428/389 429/429/390 427/427/388 
f 430/430/391 431/431/392 429/429/390 428/428/389 
f 364/364/325 362/362/323 429/429/390 431/431/392 
f 360/360/321 427/427/388 429/429/390 362/362/323 
f 430/430/391 432/432/393 433/433/394 431/431/392 
f 434/434/395 435/435/396 433/433/394 432/432/393 
f 368/368/329 366/366/327 433/433/394 435/435/396 
f 364/364/325 431/431/392 433/433/394 366/366/327 
f 434/434/395 436/436/397 437/437/398 435/435/396 
f 372/372/333 375/375/336 437/437/398 436/436/397 
f 306/306/267 370/370/331 437/437/398 375/375/336 
f 368/368/329 435/435/396 437/437/398 370/370/331 
f 438/438/399 439/439/400 440/440/401 441/441/402 
f 442/442/403 443/443/404 440/440/401 439/439/400 
f 376/376/337 373/373/334 440/440/401 443/443/404 
f 372/372/333 441/441/402 440/440/401 373/373/334 
f 442/442/403 444/444/405 445/445/406 443/443/404 
f 446/446/407 447/447/408 445/445/406 444/444/405 
f 380/380/341 378/378/339 445/445/406 447/447/408 
f 376/376/337 443/443/404 445/445/406 378/378/339 
f 446/446/407 448/448/409 449/449/410 447/447/408 
f 450/450/411 451/451/412 449/449/410 448/448/409 
f 384/384/345 382/382/343 449/449/410 451/451/412 
f 380/380/341 447/447/408 449/449/410 382/382/343 
f 450/450/411 452/452/413 453/453/414 451/451/412 
f 454/454/415 455/455/416 453/453/414 452/452/413 
f 388/388/349 386/386/347 453/453/414 455/455/416 
f 384/384/345 451/451/412 453/453/414 386/386/347 
f 454/454/415 456/456/417 457/457/418 455/455/416 
f 458/458/419 459/459/420 457/457/418 456/456/417 
f 392/392/353 390/390/351 457/457/418 459/459/420 
f 388/388/349 455/455/416 457/457/418 390/390/351 
f 458/458/419 460/460/421 461/461/422 459/459/420 
f 462/462/423 463/463/424 461/461/422 460/460/421 
f 396/396/357 394/394/355 461/461/422 463/463/424 
f 392/392/353 459/459/420 461/461/422 394/394/355 
f 462/462/423 464/464/425 465/465/426 463/463/424 
f 466/466/427 467/467/428 465/465/426 464/464/425 
f 400/400/361 398/398/359 465/465/426 467/467/428 
f 396/396/357 463/463/424 465/465/426 398/398/359 
f 466/466/427 468/468/429 469/469/430 467/467/428 
f 470/470/431 471/471/432 469/469/430 468/468/429 
f 404/404/365 402/402/363 469/469/430 471/471/432 
f 400/400/361 467/467/428 469/469/430 402/402/363 
f 472/472/433 473/473/434 474/474/435 475/475/436 
f 476/476/437 477/477/438 474/474/435 473/473/434 
f 410/410/371 407/407/368 474/474/435 477/477/438 
f 406/406/367 475/475/436 474/474/435 407/407/368 
f 476/476/437 478/478/439 479/479/440 477/477/438 
f 480/480/441 481/481/442 479/479/440 478/478/439 
f 414/414/375 412/412/373 479/479/440 481/481/442 
f 410/410/371 477/477/438 479/479/440 412/412/373 
f 480/480/441 482/482/443 483/483/444 481/481/442 
f 484/484/445 485/485/446 483/483/444 482/482/443 
f 418/418/379 416/416/377 483/483/444 485/485/446 
f 414/414/375 481/481/442 483/483/444 416/416/377 
f 484/484/445 486/486/447 487/487/448 485/485/446 
f 488/488/449 489/489/450 487/487/448 486/486/447 
f 422/422/383 420/420/381 487/487/448 489/489/450 
f 418/418/379 485/485/446 487/487/448 420/420/381 
f 488/488/449 490/490/451 491/491/452 489/489/450 
f 492/492/453 493/493/454 491/491/452 490/490/451 
f 426/426/387 424/424/385 491/491/452 493/493/454 
f 422/422/383 489/489/450 491/491/452 424/424/385 
f 492/492/453 494/494/455 495/495/456 493/493/454 
f 496/496/457 497/497/458 495/495/456 494/494/455 
f 430/430/391 428/428/389 495/495/456 497/497/458 
f 426/426/387 493/493/454 495/495/456 428/428/389 
f 496/496/457 498/498/459 499/499/460 497/497/458 
f 500/500/461 501/501/462 499/499/460 498/498/459 
f 434/434/395 432/432/393 499/499/460 501/501/462 
f 430/430/391 497/497/458 499/499/460 432/432/393 
f 500/500/461 502/502/463 503/503/464 501/501/462 
f 438/438/399 441/441/402 503/503/464 502/502/463 
f 372/372/333 436/436/397 503/503/464 441/441/402 
f 434/434/395 501/501/462 503/503/464 436/436/397 
f 504/504/465 505/505/466 506/506/467 507/507/468 
f 508/508/469 509/509/470 506/506/467 505/505/466 
f 442/442/403 439/439/400 506/506/467 509/509/470 
f 438/438/399 507/507/468 506/506/467 439/439/400 
f 508/508/469 510/510/471 511/511/472 509/509/470 
f 512/512/473 513/513/474 511/511/472 510/510/471 
f 446/446/407 444/444/405 511/511/472 513/513/474 
f 442/442/403 509/509/470 511/511/472 444/444/405 
f 512/512/473 514/514/475 515/515/476 513/513/474 
f 516/516/477 517/517/478 515/515/476 514/514/475 
f 450/450/411 448/448/409 515/515/476 517/517/478 
f 446/446/407 513/513/474 515/515/476 448/448/409 
f 516/516/477 518/518/479 519/519/480 517/517/478 
f 520/520/481 521/521/482 519/519/480 518/518/479 
f 454/454/415 452/452/413 519/519/480 521/521/482 
f 450/450/411 517/517/478 519/519/480 452/452/413 
f 520/520/481 522/522/483 523/523/484 521/521/482 
f 524/524/485 525/525/486 523/523/484 522/522/483 
f 458/458/419 456/456/417 523/523/484 525/525/486 
f 454/454/415 521/521/482 523/523/484 456/456/417 
f 524/524/485 526/526/487 527/527/488 525/525/486 
f 528/528/489 529/529/490 527/527/488 526/526/487 
f 462/462/423 460/460/421 527/527/488 529/529/490 
f 458/458/419 525/525/486 527/527/488 460/460/421 
f 528/528/489 530/530/491 531/531/492 529/529/490 
f 532/532/493 533/533/494 531/531/492 530/530/491 
f 466/466/427 464/464/425 531/531/492 533/533/494 
f 462/462/423 529/529/490 531/531/492 464/464/425 
f 532/532/493 534/534/495 535/535/496 533/533/494 
f 536/536/497 537/537/498 535/535/496 534/534/495 
f 470/470/431 468/468/429 535/535/496 537/537/498 
f 466/466/427 533/533/494 535/535/496 468/468/429 
f 538/538/499 539/539/500 540/540/501 541/541/502 
f 542/542/503 543/543/504 540/540/501 539/539/500 
f 476/476/437 473/473/434 540/540/501 543/543/504 
f 472/472/433 541/541/502 540/540/501 473/473/434 
f 542/542/503 544/544/505 545/545/506 543/543/504 
f 546/546/507 547/547/508 545/545/506 544/544/505 
f 480/480/441 478/478/439 545/545/506 547/547/508 
f 476/476/437 543/543/504 545/545/506 478/478/439 
f 546/546/507 548/548/509 549/549/510 547/547/508 
f 550/550/511 551/551/512 549/549/510 548/548/509 
f 484/484/445 482/482/443 549/549/510 551/551/512 
f 480/480/441 547/547/508 549/549/510 482/482/443 
f 550/550/511 552/552/513 553/553/514 551/551/512 
f 554/554/515 555/555/516 553/553/514 552/552/513 
f 488/488/449 486/486/447 553/553/514 555/555/516 
f 484/484/445 551/551/512 553/553/514 486/486/447 
f 554/554/515 556/556/517 557/557/518 555/555/516 
f 558/558/519 559/559/520 557/557/518 556/556/517 
f 492/492/453 490/490/451 557/557/518 559/559/520 
f 488/488/449 555/555/516 557/557/518 490/490/451 
f 558/558/519 560/560/521 561/561/522 559/559/520 
f 562/562/523 563/563/524 561/561/522 560/560/521 
f 496/496/457 494/494/455 561/561/522 563/563/524 
f 492/492/453 559/559/520 561/561/522 494/494/455 
f 562/562/523 564/564/525 565/565/526 563/563/524 
f 566/566/527 567/567/528 565/565/526 564/564/525 
f 500/500/461 498/498/459 565/565/526 567/567/528 
f 496/496/457 563/563/524 565/565/526 498/498/459 
f 566/566/527 568/568/529 569/569/530 567/567/528 
f 504/504/465 507/507/468 569/569/530 568/568/529 
f 438/438/399 502/502/463 569/569/530 507/507/468 
f 500/500/461 567/567/528 569/569/530 502/502/463 
# 496 polygons

#
# object 003石小bb
#

v  -5290.0864 -3451.3970 -5810.0205
v  -4149.6641 -3451.3970 -5810.0205
v  -4149.6641 -3120.5215 -6383.1147
v  -5290.0864 -3120.5215 -6383.1147
v  -3009.2402 -3451.3970 -5810.0205
v  -3009.2402 -3120.5215 -6383.1147
v  -1868.8185 -3451.3970 -5810.0205
v  -1868.8185 -3120.5215 -6383.1147
v  -728.3946 -3451.3970 -5810.0205
v  -728.3946 -3120.5215 -6383.1147
v  412.0288 -3451.3970 -5810.0205
v  412.0288 -3120.5215 -6383.1147
v  1552.4501 -3451.3970 -5810.0205
v  1552.4501 -3120.5215 -6383.1147
v  2692.8752 -3451.3970 -5810.0205
v  2692.8752 -3120.5215 -6383.1147
v  3833.2986 -3451.3970 -5810.0205
v  3833.2986 -3120.5215 -6383.1147
v  4973.7227 -3451.3970 -5810.0205
v  4973.7227 -3120.5215 -6383.1147
v  -5290.0864 -3782.2729 -5236.9268
v  -4149.6641 -3782.2729 -5236.9268
v  -3009.2402 -3782.2729 -5236.9268
v  -1868.8185 -3782.2729 -5236.9268
v  -728.3946 -3782.2729 -5236.9268
v  412.0288 -3782.2729 -5236.9268
v  1552.4501 -3782.2729 -5236.9268
v  2692.8752 -3782.2729 -5236.9268
v  3833.2986 -3782.2729 -5236.9268
v  4973.7227 -3782.2729 -5236.9268
v  -5290.0864 -4113.1489 -4663.8335
v  -4149.6641 -4113.1489 -4663.8335
v  -3009.2402 -4113.1489 -4663.8335
v  -1868.8185 -4113.1489 -4663.8335
v  -728.3946 -4113.1489 -4663.8335
v  412.0288 -4113.1489 -4663.8335
v  1552.4501 -4113.1489 -4663.8335
v  2692.8752 -4113.1489 -4663.8335
v  3833.2986 -4113.1489 -4663.8335
v  4973.7227 -4113.1489 -4663.8335
v  -5290.0864 -4444.0244 -4090.7397
v  -4149.6641 -4444.0244 -4090.7397
v  -3009.2402 -4444.0244 -4090.7397
v  -1868.8185 -4444.0244 -4090.7397
v  -728.3946 -4444.0244 -4090.7397
v  412.0288 -4444.0244 -4090.7397
v  1552.4501 -4444.0244 -4090.7397
v  2692.8752 -4444.0244 -4090.7397
v  3833.2986 -4444.0244 -4090.7397
v  4973.7227 -4444.0244 -4090.7397
v  -5290.0864 -4774.8999 -3517.6470
v  -4149.6641 -4774.8999 -3517.6470
v  -3009.2402 -4774.8999 -3517.6470
v  -1868.8185 -4774.8999 -3517.6470
v  -728.3946 -4774.8999 -3517.6470
v  412.0288 -4774.8999 -3517.6470
v  1552.4501 -4774.8999 -3517.6470
v  2692.8752 -4774.8999 -3517.6470
v  3833.2986 -4774.8999 -3517.6470
v  4973.7227 -4774.8999 -3517.6470
# 60 vertices

vn 0.0000 0.8660 0.5000
# 1 vertex normals

vt -0.3176 0.7832 0.0000
vt -0.1419 0.7835 0.0000
vt -0.1181 0.9398 0.0000
vt -0.2875 0.9396 0.0000
vt 0.0335 0.7838 0.0000
vt 0.0511 0.9400 0.0000
vt 0.2088 0.7841 0.0000
vt 0.2201 0.9402 0.0000
vt 0.3839 0.7844 0.0000
vt 0.3890 0.9404 0.0000
vt 0.5588 0.7847 0.0000
vt 0.5577 0.9406 0.0000
vt 0.7336 0.7850 0.0000
vt 0.7263 0.9408 0.0000
vt 0.9082 0.7853 0.0000
vt 0.8946 0.9410 0.0000
vt 1.0826 0.7855 0.0000
vt 1.0629 0.9412 0.0000
vt 1.2568 0.7858 0.0000
vt 1.2309 0.9414 0.0000
vt -0.3500 0.6149 0.0000
vt -0.1676 0.6153 0.0000
vt 0.0146 0.6157 0.0000
vt 0.1966 0.6161 0.0000
vt 0.3784 0.6165 0.0000
vt 0.5601 0.6169 0.0000
vt 0.7415 0.6172 0.0000
vt 0.9227 0.6176 0.0000
vt 1.1038 0.6180 0.0000
vt 1.2847 0.6184 0.0000
vt -0.3850 0.4332 0.0000
vt -0.1953 0.4337 0.0000
vt -0.0058 0.4342 0.0000
vt 0.1834 0.4347 0.0000
vt 0.3725 0.4352 0.0000
vt 0.5614 0.4357 0.0000
vt 0.7500 0.4362 0.0000
vt 0.9385 0.4367 0.0000
vt 1.1267 0.4372 0.0000
vt 1.3147 0.4376 0.0000
vt -0.4229 0.2363 0.0000
vt -0.2253 0.2369 0.0000
vt -0.0280 0.2376 0.0000
vt 0.1692 0.2382 0.0000
vt 0.3661 0.2388 0.0000
vt 0.5628 0.2394 0.0000
vt 0.7592 0.2401 0.0000
vt 0.9555 0.2407 0.0000
vt 1.1515 0.2413 0.0000
vt 1.3473 0.2420 0.0000
vt -0.4641 0.0223 0.0000
vt -0.2579 0.0231 0.0000
vt -0.0520 0.0239 0.0000
vt 0.1537 0.0247 0.0000
vt 0.3591 0.0255 0.0000
vt 0.5643 0.0263 0.0000
vt 0.7693 0.0271 0.0000
vt 0.9740 0.0278 0.0000
vt 1.1785 0.0286 0.0000
vt 1.3827 0.0294 0.0000
# 60 texture coords

g 003石小bb
usemtl mat3
s 1
f 570/570/531 571/571/531 572/572/531 573/573/531 
f 571/571/531 574/574/531 575/575/531 572/572/531 
f 574/574/531 576/576/531 577/577/531 575/575/531 
f 576/576/531 578/578/531 579/579/531 577/577/531 
f 578/578/531 580/580/531 581/581/531 579/579/531 
f 580/580/531 582/582/531 583/583/531 581/581/531 
f 582/582/531 584/584/531 585/585/531 583/583/531 
f 584/584/531 586/586/531 587/587/531 585/585/531 
f 586/586/531 588/588/531 589/589/531 587/587/531 
f 590/590/531 591/591/531 571/571/531 570/570/531 
f 591/591/531 592/592/531 574/574/531 571/571/531 
f 592/592/531 593/593/531 576/576/531 574/574/531 
f 593/593/531 594/594/531 578/578/531 576/576/531 
f 594/594/531 595/595/531 580/580/531 578/578/531 
f 595/595/531 596/596/531 582/582/531 580/580/531 
f 596/596/531 597/597/531 584/584/531 582/582/531 
f 597/597/531 598/598/531 586/586/531 584/584/531 
f 598/598/531 599/599/531 588/588/531 586/586/531 
f 600/600/531 601/601/531 591/591/531 590/590/531 
f 601/601/531 602/602/531 592/592/531 591/591/531 
f 603/603/531 604/604/531 594/594/531 593/593/531 
f 604/604/531 605/605/531 595/595/531 594/594/531 
f 605/605/531 606/606/531 596/596/531 595/595/531 
f 606/606/531 607/607/531 597/597/531 596/596/531 
f 607/607/531 608/608/531 598/598/531 597/597/531 
f 608/608/531 609/609/531 599/599/531 598/598/531 
f 610/610/531 611/611/531 601/601/531 600/600/531 
f 612/612/531 613/613/531 603/603/531 602/602/531 
f 613/613/531 614/614/531 604/604/531 603/603/531 
f 614/614/531 615/615/531 605/605/531 604/604/531 
f 615/615/531 616/616/531 606/606/531 605/605/531 
f 617/617/531 618/618/531 608/608/531 607/607/531 
f 618/618/531 619/619/531 609/609/531 608/608/531 
f 620/620/531 621/621/531 611/611/531 610/610/531 
f 622/622/531 623/623/531 613/613/531 612/612/531 
f 623/623/531 624/624/531 614/614/531 613/613/531 
f 624/624/531 625/625/531 615/615/531 614/614/531 
f 625/625/531 626/626/531 616/616/531 615/615/531 
f 627/627/531 628/628/531 618/618/531 617/617/531 
f 628/628/531 629/629/531 619/619/531 618/618/531 
# 40 polygons

#
# object 004石小B
#

v  -5290.0864 -3294.2505 -7414.2817
v  -4149.6641 -3294.2505 -7414.2817
v  -4149.6641 -2963.3757 -7987.3760
v  -5290.0864 -2963.3757 -7987.3760
v  -3009.2402 -3294.2505 -7414.2817
v  -3009.2402 -2963.3757 -7987.3760
v  -1868.8185 -3294.2505 -7414.2817
v  -1868.8185 -2963.3757 -7987.3760
v  -728.3946 -3294.2505 -7414.2817
v  -728.3946 -2963.3757 -7987.3760
v  412.0288 -3294.2505 -7414.2817
v  412.0288 -2963.3757 -7987.3760
v  1552.4501 -3294.2505 -7414.2817
v  1552.4501 -2963.3757 -7987.3760
v  2692.8752 -3294.2505 -7414.2817
v  2692.8752 -2963.3757 -7987.3760
v  3833.2986 -3294.2505 -7414.2817
v  3833.2986 -2963.3757 -7987.3760
v  4973.7227 -3294.2505 -7414.2817
v  4973.7227 -2963.3757 -7987.3760
v  -5290.0864 -3625.1262 -6841.1895
v  -4149.6641 -3625.1262 -6841.1895
v  -3009.2402 -3625.1262 -6841.1895
v  -1868.8185 -3625.1262 -6841.1895
v  -728.3946 -3625.1262 -6841.1895
v  412.0288 -3625.1262 -6841.1895
v  1552.4501 -3625.1262 -6841.1895
v  2692.8752 -3625.1262 -6841.1895
v  3833.2986 -3625.1262 -6841.1895
v  4973.7227 -3625.1262 -6841.1895
v  -5290.0864 -3956.0022 -6268.0957
v  -4149.6641 -3956.0022 -6268.0957
v  -3009.2402 -3956.0022 -6268.0957
v  -1868.8185 -3956.0022 -6268.0957
v  -728.3946 -3956.0022 -6268.0957
v  412.0288 -3956.0022 -6268.0957
v  1552.4501 -3956.0022 -6268.0957
v  2692.8752 -3956.0022 -6268.0957
v  3833.2986 -3956.0022 -6268.0957
v  4973.7227 -3956.0022 -6268.0957
v  -5290.0864 -4286.8779 -5695.0024
v  -4149.6641 -4286.8779 -5695.0024
v  -3009.2402 -4286.8779 -5695.0024
v  -1868.8185 -4286.8779 -5695.0024
v  -728.3946 -4286.8779 -5695.0024
v  412.0288 -4286.8779 -5695.0024
v  1552.4501 -4286.8779 -5695.0024
v  2692.8752 -4286.8779 -5695.0024
v  3833.2986 -4286.8779 -5695.0024
v  4973.7227 -4286.8779 -5695.0024
v  -5290.0864 -4617.7534 -5121.9092
v  -4149.6641 -4617.7534 -5121.9092
v  -3009.2402 -4617.7534 -5121.9092
v  -1868.8185 -4617.7534 -5121.9092
v  -728.3946 -4617.7534 -5121.9092
v  412.0288 -4617.7534 -5121.9092
v  1552.4501 -4617.7534 -5121.9092
v  2692.8752 -4617.7534 -5121.9092
v  3833.2986 -4617.7534 -5121.9092
v  4973.7227 -4617.7534 -5121.9092
# 60 vertices

vn 0.0000 0.8660 0.5000
# 1 vertex normals

vt -0.3176 0.7832 0.0000
vt -0.1419 0.7835 0.0000
vt -0.1181 0.9398 0.0000
vt -0.2875 0.9396 0.0000
vt 0.0335 0.7838 0.0000
vt 0.0511 0.9400 0.0000
vt 0.2088 0.7841 0.0000
vt 0.2201 0.9402 0.0000
vt 0.3839 0.7844 0.0000
vt 0.3890 0.9404 0.0000
vt 0.5588 0.7847 0.0000
vt 0.5577 0.9406 0.0000
vt 0.7336 0.7850 0.0000
vt 0.7263 0.9408 0.0000
vt 0.9082 0.7853 0.0000
vt 0.8946 0.9410 0.0000
vt 1.0826 0.7855 0.0000
vt 1.0629 0.9412 0.0000
vt 1.2568 0.7858 0.0000
vt 1.2309 0.9414 0.0000
vt -0.3500 0.6149 0.0000
vt -0.1676 0.6153 0.0000
vt 0.0146 0.6157 0.0000
vt 0.1966 0.6161 0.0000
vt 0.3784 0.6165 0.0000
vt 0.5601 0.6169 0.0000
vt 0.7415 0.6172 0.0000
vt 0.9227 0.6176 0.0000
vt 1.1038 0.6180 0.0000
vt 1.2847 0.6184 0.0000
vt -0.3850 0.4332 0.0000
vt -0.1953 0.4337 0.0000
vt -0.0058 0.4342 0.0000
vt 0.1834 0.4347 0.0000
vt 0.3725 0.4352 0.0000
vt 0.5614 0.4357 0.0000
vt 0.7500 0.4362 0.0000
vt 0.9385 0.4367 0.0000
vt 1.1267 0.4372 0.0000
vt 1.3147 0.4376 0.0000
vt -0.4229 0.2363 0.0000
vt -0.2253 0.2369 0.0000
vt -0.0280 0.2376 0.0000
vt 0.1692 0.2382 0.0000
vt 0.3661 0.2388 0.0000
vt 0.5628 0.2394 0.0000
vt 0.7592 0.2401 0.0000
vt 0.9555 0.2407 0.0000
vt 1.1515 0.2413 0.0000
vt 1.3473 0.2420 0.0000
vt -0.4641 0.0223 0.0000
vt -0.2579 0.0231 0.0000
vt -0.0520 0.0239 0.0000
vt 0.1537 0.0247 0.0000
vt 0.3591 0.0255 0.0000
vt 0.5643 0.0263 0.0000
vt 0.7693 0.0271 0.0000
vt 0.9740 0.0278 0.0000
vt 1.1785 0.0286 0.0000
vt 1.3827 0.0294 0.0000
# 60 texture coords

g 004石小B
usemtl mat5
s 1
f 630/630/532 631/631/532 632/632/532 633/633/532 
f 631/631/532 634/634/532 635/635/532 632/632/532 
f 634/634/532 636/636/532 637/637/532 635/635/532 
f 636/636/532 638/638/532 639/639/532 637/637/532 
f 638/638/532 640/640/532 641/641/532 639/639/532 
f 640/640/532 642/642/532 643/643/532 641/641/532 
f 642/642/532 644/644/532 645/645/532 643/643/532 
f 644/644/532 646/646/532 647/647/532 645/645/532 
f 646/646/532 648/648/532 649/649/532 647/647/532 
f 650/650/532 651/651/532 631/631/532 630/630/532 
f 651/651/532 652/652/532 634/634/532 631/631/532 
f 652/652/532 653/653/532 636/636/532 634/634/532 
f 653/653/532 654/654/532 638/638/532 636/636/532 
f 654/654/532 655/655/532 640/640/532 638/638/532 
f 655/655/532 656/656/532 642/642/532 640/640/532 
f 656/656/532 657/657/532 644/644/532 642/642/532 
f 657/657/532 658/658/532 646/646/532 644/644/532 
f 658/658/532 659/659/532 648/648/532 646/646/532 
f 660/660/532 661/661/532 651/651/532 650/650/532 
f 661/661/532 662/662/532 652/652/532 651/651/532 
f 662/662/532 663/663/532 653/653/532 652/652/532 
f 663/663/532 664/664/532 654/654/532 653/653/532 
f 664/664/532 665/665/532 655/655/532 654/654/532 
f 665/665/532 666/666/532 656/656/532 655/655/532 
f 666/666/532 667/667/532 657/657/532 656/656/532 
f 667/667/532 668/668/532 658/658/532 657/657/532 
f 668/668/532 669/669/532 659/659/532 658/658/532 
f 670/670/532 671/671/532 661/661/532 660/660/532 
f 671/671/532 672/672/532 662/662/532 661/661/532 
f 672/672/532 673/673/532 663/663/532 662/662/532 
f 673/673/532 674/674/532 664/664/532 663/663/532 
f 674/674/532 675/675/532 665/665/532 664/664/532 
f 675/675/532 676/676/532 666/666/532 665/665/532 
f 676/676/532 677/677/532 667/667/532 666/666/532 
f 677/677/532 678/678/532 668/668/532 667/667/532 
f 678/678/532 679/679/532 669/669/532 668/668/532 
f 680/680/532 681/681/532 671/671/532 670/670/532 
f 681/681/532 682/682/532 672/672/532 671/671/532 
f 682/682/532 683/683/532 673/673/532 672/672/532 
f 683/683/532 684/684/532 674/674/532 673/673/532 
f 684/684/532 685/685/532 675/675/532 674/674/532 
f 685/685/532 686/686/532 676/676/532 675/675/532 
f 686/686/532 687/687/532 677/677/532 676/676/532 
f 687/687/532 688/688/532 678/678/532 677/677/532 
f 688/688/532 689/689/532 679/679/532 678/678/532 
# 45 polygons

#
# object 005石
#

v  -1578.0248 459.9474 -2999.9534
v  -1270.8096 459.9474 -2999.9534
v  -1270.8096 829.0673 -3065.0391
v  -1578.0248 829.0673 -3065.0391
v  -963.5940 459.9474 -2999.9534
v  -963.5940 829.0673 -3065.0391
v  -1578.0248 90.8281 -2934.8694
v  -1270.8096 90.8281 -2934.8694
v  -963.5940 90.8281 -2934.8694
v  -1123.9601 -284.9869 -2301.8599
v  -868.6886 -284.9869 -2301.8599
v  -868.6886 -46.7997 -2322.6982
v  -1123.9601 -46.7997 -2322.6982
v  -613.4167 -284.9869 -2301.8599
v  -613.4167 -46.7997 -2322.6982
v  628.1129 -147.1553 -2039.8699
v  803.5101 -147.1553 -2039.8699
v  803.5101 14.8768 -2066.9846
v  628.1129 14.8768 -2066.9846
v  978.9080 -147.1553 -2039.8699
v  978.9080 14.8768 -2066.9846
v  -1123.9601 -523.1735 -2281.0203
v  -868.6886 -523.1735 -2281.0203
v  -613.4167 -523.1735 -2281.0203
v  628.1129 -309.1841 -2012.7561
v  803.5101 -309.1841 -2012.7561
v  978.9080 -309.1841 -2012.7561
v  98.5627 260.2085 -2883.2214
v  370.2311 260.2085 -2883.2214
v  370.2311 463.0130 -2900.9709
v  98.5627 463.0130 -2900.9709
v  641.8992 260.2085 -2883.2214
v  641.8992 463.0130 -2900.9709
v  98.5627 57.4039 -2865.4712
v  370.2311 57.4039 -2865.4712
v  641.8992 57.4039 -2865.4712
# 36 vertices

vn 0.0000 0.1736 0.9848
vn 0.0000 0.0872 0.9962
vn 0.0000 0.1650 0.9863
# 3 vertex normals

vt 0.0174 0.7264 0.0000
vt 0.2742 0.7270 0.0000
vt 0.2748 0.9862 0.0000
vt 0.0185 0.9857 0.0000
vt 0.5305 0.7277 0.0000
vt 0.5306 0.9866 0.0000
vt 0.0163 0.4660 0.0000
vt 0.2736 0.4669 0.0000
vt 0.5304 0.4679 0.0000
vt 0.0886 0.2547 0.0000
vt 0.2802 0.2557 0.0000
vt 0.2785 0.4339 0.0000
vt 0.0866 0.4331 0.0000
vt 0.4714 0.2567 0.0000
vt 0.4701 0.4347 0.0000
vt 0.6321 0.3321 0.0000
vt 0.8113 0.3331 0.0000
vt 0.8099 0.4996 0.0000
vt 0.6308 0.4987 0.0000
vt 0.9904 0.3341 0.0000
vt 0.9888 0.5005 0.0000
vt 0.0906 0.0769 0.0000
vt 0.2819 0.0781 0.0000
vt 0.4728 0.0793 0.0000
vt 0.6334 0.1652 0.0000
vt 0.8128 0.1663 0.0000
vt 0.9920 0.1674 0.0000
vt 0.5675 0.7636 0.0000
vt 0.7565 0.7641 0.0000
vt 0.7571 0.9016 0.0000
vt 0.5677 0.9012 0.0000
vt 0.9453 0.7647 0.0000
vt 0.9462 0.9021 0.0000
vt 0.5673 0.6264 0.0000
vt 0.7560 0.6271 0.0000
vt 0.9444 0.6277 0.0000
# 36 texture coords

g 005石
usemtl mat2
s 1
f 690/690/533 691/691/533 692/692/533 693/693/533 
f 691/691/533 694/694/533 695/695/533 692/692/533 
f 696/696/533 697/697/533 691/691/533 690/690/533 
f 697/697/533 698/698/533 694/694/533 691/691/533 
f 699/699/534 700/700/534 701/701/534 702/702/534 
f 700/700/534 703/703/534 704/704/534 701/701/534 
f 705/705/535 706/706/535 707/707/535 708/708/535 
f 706/706/535 709/709/535 710/710/535 707/707/535 
f 711/711/534 712/712/534 700/700/534 699/699/534 
f 712/712/534 713/713/534 703/703/534 700/700/534 
f 714/714/535 715/715/535 706/706/535 705/705/535 
f 715/715/535 716/716/535 709/709/535 706/706/535 
f 717/717/534 718/718/534 719/719/534 720/720/534 
f 718/718/534 721/721/534 722/722/534 719/719/534 
f 723/723/534 724/724/534 718/718/534 717/717/534 
f 724/724/534 725/725/534 721/721/534 718/718/534 
# 16 polygons

#
# object 006石
#

v  -3291.1765 -2293.1660 -5066.0366
v  -2537.3269 -2293.1660 -5066.0366
v  -2537.3269 -1920.1926 -5294.5933
v  -3291.1765 -1920.1926 -5294.5933
v  1582.8910 -3455.7339 -4475.6211
v  2662.4343 -3455.7339 -4475.6211
v  2662.4343 -2895.1265 -4755.1299
v  1582.8910 -2895.1265 -4755.1299
v  -3291.1765 -2666.1396 -4837.4790
v  -2537.3269 -2666.1396 -4837.4790
v  1582.8910 -4016.3418 -4196.1123
v  2662.4343 -4016.3418 -4196.1123
# 12 vertices

vn 0.0000 0.5225 0.8526
vn 0.0000 0.4462 0.8949
# 2 vertex normals

vt 0.0207 0.5925 0.0000
vt 0.1262 0.5934 0.0000
vt 0.1271 0.7200 0.0000
vt 0.0229 0.7192 0.0000
vt 0.7900 0.2468 0.0000
vt 0.9173 0.2522 0.0000
vt 0.9114 0.4090 0.0000
vt 0.7856 0.4045 0.0000
vt 0.0185 0.4626 0.0000
vt 0.1252 0.4637 0.0000
vt 0.7946 0.0850 0.0000
vt 0.9235 0.0915 0.0000
# 12 texture coords

g 006石
usemtl mat3
s 1
f 726/726/536 727/727/536 728/728/536 729/729/536 
f 730/730/537 731/731/537 732/732/537 733/733/537 
f 734/734/536 735/735/536 727/727/536 726/726/536 
f 736/736/537 737/737/537 731/731/537 730/730/537 
# 4 polygons

#
# object 007オーロラ
#

v  -933.0025 -499.4020 -1458.5309
v  -725.6687 -499.4020 -1458.5309
v  -725.6687 -172.8421 -1527.0753
v  -933.0025 -172.8421 -1527.0753
v  -518.3342 -499.4020 -1458.5309
v  -518.3342 -172.8421 -1527.0753
v  -311.0005 -499.4020 -1458.5309
v  -311.0005 -172.8421 -1527.0753
v  -103.6670 -499.4020 -1458.5309
v  -103.6670 -172.8421 -1527.0753
v  103.6670 -499.4020 -1458.5309
v  103.6670 -172.8421 -1527.0753
v  311.0003 -499.4020 -1458.5309
v  311.0003 -172.8421 -1527.0753
v  518.3341 -499.4020 -1458.5309
v  518.3341 -172.8421 -1527.0753
v  725.6687 -499.4020 -1458.5309
v  725.6687 -172.8421 -1527.0753
v  933.0025 -499.4020 -1458.5309
v  933.0025 -172.8421 -1527.0753
# 20 vertices

vn 0.0000 0.2054 0.9787
# 1 vertex normals

vt -0.0788 -0.0133 0.0000
vt 0.0507 -0.0093 0.0000
vt 0.0376 0.7974 0.0000
vt -0.0956 0.7939 0.0000
vt 0.1799 -0.0052 0.0000
vt 0.1705 0.8008 0.0000
vt 0.3090 -0.0012 0.0000
vt 0.3032 0.8043 0.0000
vt 0.4378 0.0028 0.0000
vt 0.4357 0.8077 0.0000
vt 0.5663 0.0069 0.0000
vt 0.5680 0.8111 0.0000
vt 0.6947 0.0109 0.0000
vt 0.7000 0.8146 0.0000
vt 0.8229 0.0149 0.0000
vt 0.8317 0.8180 0.0000
vt 0.9508 0.0189 0.0000
vt 0.9633 0.8214 0.0000
vt 1.0785 0.0229 0.0000
vt 1.0946 0.8248 0.0000
# 20 texture coords

g 007オーロラ
usemtl mat4
s 1
f 738/738/538 739/739/538 740/740/538 741/741/538 
f 739/739/538 742/742/538 743/743/538 740/740/538 
f 742/742/538 744/744/538 745/745/538 743/743/538 
f 744/744/538 746/746/538 747/747/538 745/745/538 
f 746/746/538 748/748/538 749/749/538 747/747/538 
f 748/748/538 750/750/538 751/751/538 749/749/538 
f 750/750/538 752/752/538 753/753/538 751/751/538 
f 752/752/538 754/754/538 755/755/538 753/753/538 
f 754/754/538 756/756/538 757/757/538 755/755/538 
# 9 polygons

#
# object 003石中
#

v  -2510.7036 1280.7542 -3244.5564
v  -1506.4214 1280.7542 -3244.5564
v  -1506.4214 2184.6062 -3244.5564
v  -2510.7036 2184.6062 -3244.5564
v  -502.1410 1280.7542 -3244.5564
v  -502.1410 2184.6062 -3244.5564
v  502.1409 1280.7542 -3244.5564
v  502.1409 2184.6062 -3244.5564
v  1506.4208 1280.7542 -3244.5564
v  1506.4208 2184.6062 -3244.5564
v  2510.7031 1280.7542 -3244.5564
v  2510.7031 2184.6062 -3244.5564
v  -2510.7036 376.9006 -3244.5564
v  -1506.4214 376.9006 -3244.5564
v  -502.1410 376.9006 -3244.5564
v  502.1409 376.9006 -3244.5564
v  1506.4208 376.9006 -3244.5564
v  2510.7031 376.9006 -3244.5564
v  -2510.7036 -526.9524 -3244.5564
v  -1506.4214 -526.9524 -3244.5564
v  -502.1410 -526.9524 -3244.5564
v  502.1409 -526.9524 -3244.5564
v  1506.4208 -526.9524 -3244.5564
v  2510.7031 -526.9524 -3244.5564
# 24 vertices

vn 0.0000 0.0000 1.0000
# 1 vertex normals

vt 0.0106 0.6837 -32.5155
vt 0.2062 0.6837 -32.5155
vt 0.2032 1.0456 -32.1822
vt 0.0056 1.0456 -32.1822
vt 0.4018 0.6837 -32.5155
vt 0.4008 1.0456 -32.1822
vt 0.5973 0.6837 -32.5155
vt 0.5984 1.0456 -32.1822
vt 0.7929 0.6837 -32.5155
vt 0.7960 1.0456 -32.1822
vt 0.9885 0.6837 -32.5155
vt 0.9936 1.0456 -32.1822
vt 0.0156 0.3291 -32.8489
vt 0.2092 0.3291 -32.8489
vt 0.4028 0.3291 -32.8489
vt 0.5964 0.3291 -32.8489
vt 0.7899 0.3291 -32.8489
vt 0.9835 0.3291 -32.8489
vt 0.0204 -0.0183 -33.1822
vt 0.2121 -0.0183 -33.1822
vt 0.4037 -0.0183 -33.1822
vt 0.5954 -0.0183 -33.1822
vt 0.7870 -0.0183 -33.1822
vt 0.9787 -0.0183 -33.1822
# 24 texture coords

g 003石中
usemtl Material__6342
s 1
f 758/758/539 759/759/539 760/760/539 761/761/539 
f 759/759/539 762/762/539 763/763/539 760/760/539 
f 762/762/539 764/764/539 765/765/539 763/763/539 
f 764/764/539 766/766/539 767/767/539 765/765/539 
f 766/766/539 768/768/539 769/769/539 767/767/539 
f 770/770/539 771/771/539 759/759/539 758/758/539 
f 771/771/539 772/772/539 762/762/539 759/759/539 
f 772/772/539 773/773/539 764/764/539 762/762/539 
f 773/773/539 774/774/539 766/766/539 764/764/539 
f 774/774/539 775/775/539 768/768/539 766/766/539 
f 776/776/539 777/777/539 771/771/539 770/770/539 
f 777/777/539 778/778/539 772/772/539 771/771/539 
f 778/778/539 779/779/539 773/773/539 772/772/539 
f 779/779/539 780/780/539 774/774/539 773/773/539 
f 780/780/539 781/781/539 775/775/539 774/774/539 
# 15 polygons

#
# object 004石小2
#

v  -2510.7036 1280.7542 -3863.7085
v  -1506.4214 1280.7542 -3863.7085
v  -1506.4214 2184.6062 -3863.7085
v  -2510.7036 2184.6062 -3863.7085
v  -502.1410 1280.7542 -3863.7085
v  -502.1410 2184.6062 -3863.7085
v  502.1409 1280.7542 -3863.7085
v  502.1409 2184.6062 -3863.7085
v  1506.4208 1280.7542 -3863.7085
v  1506.4208 2184.6062 -3863.7085
v  2510.7031 1280.7542 -3863.7085
v  2510.7031 2184.6062 -3863.7085
v  -2510.7036 376.9006 -3863.7085
v  -1506.4214 376.9006 -3863.7085
v  -502.1410 376.9006 -3863.7085
v  502.1409 376.9006 -3863.7085
v  1506.4208 376.9006 -3863.7085
v  2510.7031 376.9006 -3863.7085
v  -2510.7036 -526.9524 -3863.7085
v  -1506.4214 -526.9524 -3863.7085
v  -502.1410 -526.9524 -3863.7085
v  502.1409 -526.9524 -3863.7085
v  1506.4208 -526.9524 -3863.7085
v  2510.7031 -526.9524 -3863.7085
# 24 vertices

vn 0.0000 0.0000 1.0000
# 1 vertex normals

vt 0.0106 0.6837 -32.5155
vt 0.2062 0.6837 -32.5155
vt 0.2032 1.0456 -32.1822
vt 0.0056 1.0456 -32.1822
vt 0.4018 0.6837 -32.5155
vt 0.4008 1.0456 -32.1822
vt 0.5973 0.6837 -32.5155
vt 0.5984 1.0456 -32.1822
vt 0.7929 0.6837 -32.5155
vt 0.7960 1.0456 -32.1822
vt 0.9885 0.6837 -32.5155
vt 0.9936 1.0456 -32.1822
vt 0.0156 0.3291 -32.8489
vt 0.2092 0.3291 -32.8489
vt 0.4028 0.3291 -32.8489
vt 0.5964 0.3291 -32.8489
vt 0.7899 0.3291 -32.8489
vt 0.9835 0.3291 -32.8489
vt 0.0204 -0.0183 -33.1822
vt 0.2121 -0.0183 -33.1822
vt 0.4037 -0.0183 -33.1822
vt 0.5954 -0.0183 -33.1822
vt 0.7870 -0.0183 -33.1822
vt 0.9787 -0.0183 -33.1822
# 24 texture coords

g 004石小2
usemtl Material__6343
s 1
f 782/782/540 783/783/540 784/784/540 785/785/540 
f 783/783/540 786/786/540 787/787/540 784/784/540 
f 786/786/540 788/788/540 789/789/540 787/787/540 
f 788/788/540 790/790/540 791/791/540 789/789/540 
f 790/790/540 792/792/540 793/793/540 791/791/540 
f 794/794/540 795/795/540 783/783/540 782/782/540 
f 795/795/540 796/796/540 786/786/540 783/783/540 
f 796/796/540 797/797/540 788/788/540 786/786/540 
f 797/797/540 798/798/540 790/790/540 788/788/540 
f 798/798/540 799/799/540 792/792/540 790/790/540 
f 800/800/540 801/801/540 795/795/540 794/794/540 
f 801/801/540 802/802/540 796/796/540 795/795/540 
f 802/802/540 803/803/540 797/797/540 796/796/540 
f 803/803/540 804/804/540 798/798/540 797/797/540 
f 804/804/540 805/805/540 799/799/540 798/798/540 
# 15 polygons

