entry 0
@0
	15;2;-1;-1;-1;-1
@60
	15;2;-1;-1;-1;-1
	16;遅かったわね。
@61
	4;60
	13;0
	6
@121
	1;2;2
	13;1
	17;2;5
	16;全ての扉は封印したわ。
	16;もう、姫は連れ出せないでしょう？
	4;500
	1;0;1
	1;1;1
	15;0;2;2;-2;-1
	16;貴方の仕業かしら？
	16;この月の異変は。
	4;500
@122
	17;1;2
	16;怪しい感じね。
	16;特にその挑戦的な見た目とか。
	4;500
@123
	17;2;6
	16;あら、羽付きのあなた程ではないわ。
	8;2;0;鈴仙
	4;500
@124
	17;2;2
	16;ところで、こんな夜中に何の用？
	4;500
@125
	17;0;2
	16;それはもう凄い用よ。
	16;この月の異変は、貴方近辺の仕業でしょう？
	4;500
@126
	17;0;5
	16;嫌な臭いは元から断て、ってね。
	4;500
@127
	17;0;8
	16;私は掃除が得意なのよ。
	4;500
@128
	17;2;7
	16;月の異変？
	16;うーん、この術によく気が付いたわね。
	4;500
@129
	17;2;5
	16;地上に這いつくばって生きるだけの、
	16;穢き民のくせにね。
	4;500
@130
	17;1;6
	16;あいにく、空に月と星しか見たことが無い
	16;汚れた生き物なんでねぇ。
	4;500
@131
	17;1;8
	16;月に変化があれば嫌でもわかる。
	4;500
@132
	17;0;7
	16;お嬢様は夜型、ですものねぇ。
	4;500
@133
	17;1;2
	16;さっさと地上に満月を戻すのよ。
	4;500
@134
	17;2;2
	16;まだ、術を解くわけに行かないの。
	4;500
	13;0
	6
@194
	1;3;2
	13;1
	17;3;2
	16;あら、お迎えかと思ったら、
	4;500
@195
	17;3;2
	16;ただの迷い妖怪？
	4;500
@196
	17;3;2
	16;まぁ、お迎えが来れる筈が無いけど。
	4;500
@197
	17;0;9
	16;誰？
	4;500
@198
	17;1;8
	16;咲夜、悪いのはこいつよ。
	16;一発で判ったわ。この悪党面で。
	4;500
@199
	17;3;2
	16;酷い言われ様だわ。
	4;500
@200
	17;3;2
	16;確かに、この地上の密室は私が作ったわ。
	4;500
@201
	17;3;2
	16;でも、これも姫とこの娘の為。
	4;500
@202
	17;0;2
	16;そうと決まれば、倒さないわけには
	16;行かないですわ。
	4;500
@203
	17;3;2
	16;うーん、でもまだ駄目。
	16;ウドンゲ、ここはお前に任せたわ。
	4;500
@204
	17;3;2
	16;間違っても姫を連れ出されないようにね。
	4;500
	5;3;5
	13;0
	6
@264
	13;1
	4;500
@265
	17;2;2
	16;お任せください。
	16;閉ざされた扉は一つも空かせません。
	4;500
@266
	17;0;6
	16;何事にも順路という物があるって訳ね。
	4;500
@267
	17;1;2
	16;面倒ね。いつもの咲夜みたいに、
	16;道を外れて見ない？
	4;500
@268
	17;0;6
	16;順路通りに進んで、尚且つ力で圧倒する。
	16;これが文句を言わせないコツですわ。
	4;500
@269
	17;2;5
	16;ふふふ。
	16;順路は貴方の後ろ方向。
	7;1
	4;500
@270
	17;2;2
	16;でも、引き返すのも出来ない。
	4;500
@271
	17;1;2
	16;引き返さないわよ。
	4;500
@272
	17;2;2
	16;月の兎の罠に嵌っているのに気が
	16;付いていないのかしら？
	4;500
@273
	17;2;2
	16;そう、右も左も、上も下も……。
	16;貴方はもう方向が狂って見えている。
	4;500
@274
	17;2;5
	16;貴方は、真っ直ぐに飛んでいるつもりでも、
	16;フラフラに飛んでいる。
	4;500
@275
	17;2;2
	16;私の目を見て、もっと狂うが良いわ！
	4;500
	5;0;5
	5;1;5
	5;2;5
	13;0
@305
	0
	13;1
@0
	0
entry 1
@0
	1;0;1
	1;1;1
	1;2;2
@60
	15;0;4;8;10;-1
	16;お嬢様、順路通り進みましょう。
	16;出口はもうすぐですよ。
	4;500
@61
	17;1;2
	16;咲夜、さっきの奴はこの先に居る。
	16;でも、ちょっと……。
	4;500
@62
	17;1;2
	16;気をつけた方が良いわね。
	16;咲夜とだから大丈夫だと思うけど。
	4;500
@63
	17;2;-2
	16;師匠は私なんか比べ物にならない程強いのよ。
	4;500
@64
	17;2;-2
	16;私に勝ったからって、師匠に敵うと
	16;思ってるの？
	4;500
@65
	17;1;3
	16;圧倒的に。
	4;500
@66
	17;0;3
	16;さぁ、夜が明ける前には決着を
	16;付けましょう。
	4;500
@67
	17;2;-2
	16;そうか、夜を延ばしていたのはあなた達
	16;だったのね。
	4;500
@68
	17;2;-2
	16;私はてっきり……。
	4;500
@69
	17;0;6
	16;？
	4;500
	13;0
@129
	9;0
	12
@189
	4;800
	11
	10
@0
	0
entry 2
@0
	1;0;1
	1;1;1
	1;2;2
@60
	15;0;4;8;10;-1
	16;お嬢様、順路通り進みましょう。
	16;出口はもうすぐですよ。
	4;500
@61
	17;1;2
	16;咲夜、さっきの奴はこの先に居る。
	16;でも、その前に。
	4;500
@62
	17;1;2
	16;あそこに見える扉に入るのよ。
	4;500
@63
	17;0;2
	16;何かあるんですか？
	4;500
@64
	17;2;-2
	16;ああ、しまった。
	16;まだ封印が間に合ってない扉があったのか。
	4;500
@65
	17;1;2
	16;あそこの先に本命が居るわ。
	4;500
@66
	17;1;3
	16;私の目はごまかせないわ。
	4;500
@67
	17;2;-2
	16;ああ、師匠に怒られるぅ。
	4;500
	13;0
@127
	9;0
	12
@187
	4;800
	11
	10
@0
	0
entry 3
@120
	4;1
@180
	19;まっすぐ進む（FinalA）
	20;まっすぐ進まない（FinalB）
	21;1200
@181
	22
@211
	0
@0
	0
