entry 0 (256)
@0
	7
	8
	10;795699042
	9
	3
@1
	5
	3
@2
	5
	3
@3
	5
	3
@4
	6
	8
	9
	3
@5
	5
	9
	3
@6
	5
	3
@7
	6
	9
	3
@8
	5
	9
	3
@9
	5
	9
	3
@10
	5
	9
	3
@11
	6
	9
	3
@12
	5
	9
	3
@13
	5
	9
	3
	3
@14
	6
	9
	3
	3
@15
	5
	9
	3
@16
	5
	3
@17
	5
	9
	3
@18
	6
	8
	9
	3
@19
	5
	3
@20
	5
	9
	3
@21
	5
	9
	3
@22
	5
	9
	3
@23
	6
	9
	3
@24
	5
	3
	3
@25
	5
	3
@26
	5
	3
@27
	6
	9
	3
@28
	5
	3
@29
	5
	9
	3
@30
	5
	3
@31
	5
	3
@32
	6
	9
	3
	3
@33
	5
	3
@34
	6
	3
@35
	5
	3
	3
@36
	5
	3
	3
@37
	6
	3
	3
@38
	5
	3
@39
	6
	3
	3
@40
	5
	3
	9
	3
@41
	5
	3
@42
	6
	11
@102
	14;60
@162
	12
@0
	0
