entry 0 (256)
@0
	7;0
	8;0
	10;795699042
	9
	3
@1
	5;6000000
	3
@2
	5;6000000
	3
@3
	6
	8;1
	9
	3
@4
	5;6000000
	9
	3
@5
	5;6000000
	9
	3
@6
	6
	9
	3
@7
	5;6000000
	9
	3
@8
	5;6000000
	9
	3
@9
	6
	9
	3
@10
	5;6000000
	9
	3
@11
	5;6000000
	9
	3
@12
	5;6000000
	9
	3
@13
	6
	8;2
	9
	3
@14
	5;6000000
	9
	3
@15
	5;6000000
	9
	3
@16
	6
	9
	3
@17
	5;6000000
	3
@18
	5;6000000
	9
	3
@19
	6
	9
	3
	3
@20
	5;6000000
	9
	3
@21
	6
	9
	3
	3
@22
	5;6000000
	3
@23
	5;6000000
	3
@24
	6
	9
	3
@25
	5;6000000
	9
	3
@26
	5;6000000
	3
@27
	5;6000000
	3
@28
	6
	9
	3
@29
	5;6000000
	3
@30
	5;6000000
	9
	3
@31
	6
	9
	3
	3
@32
	5;6000000
	3
@33
	6
	3
@34
	5;6000000
	3
@35
	5;6000000
	3
@36
	6
	9
	3
@37
	5;6000000
	3
	3
@38
	6
	3
	11
@98
	14
@158
	12
@218
	0
@0
	0
