entry 0
@0
	15;2;-1;-1;-1;-1
@60
	15;2;-1;-1;-1;-1
	16;そこまでよ！
@61
	4;60
	13;0
	6
@121
	1;2;2
	13;1
	17;2;6
	16;やっぱりあんたね。
	4;500
	16;どうりで、時間の流れがおかしいと思ったよ。
	4;500
	1;0;1
	1;1;1
	15;0;2;2;-2;-1
	16;何の事かしら？
	4;500
@122
	17;1;5
	16;ほら、普段からおかしな事してるんでしょ？
	16;咲夜って、そうだもんねぇ。
	4;500
@123
	17;0;7
	16;まぁ、酷いですわ。
	4;500
@124
	17;2;2
	16;まぁ、いつもおかしな事はしてるけど。
	16;今日は一段と大きな事をしてるわね。
	4;500
@125
	17;2;2
	16;まるで、紅い霧のあの時みたいだわ。
	8;2;0;霊夢
	4;500
@126
	17;1;8
	16;おかしな事をしているのは咲夜だけど、
	16;大きな事をしているのは私達じゃないわ。
	4;500
@127
	17;0;2
	16;今は、その犯人を懲らしめに動いているの
	16;ですわ。
	4;500
@128
	17;2;2
	16;鳥の目はごませても。
	16;私の目はごまかせないわ。
	4;500
@129
	17;2;6
	16;あんたらが動くたびに、時刻が止まる。
	16;夜が延びる。
	4;500
@130
	17;2;2
	16;夜を止めている犯人は、あんたらだ！
	4;500
@131
	17;1;2
	16;そりゃ、そうよ。悪いかしら？
	4;500
@132
	17;0;2
	16;お嬢様。
	16;今は、夜を止める事が目的ではありません。
	4;500
@133
	17;0;8
	16;霊夢の後ろの月を見て下さい。
	16;ほらもうこんなに……。
	4;500
@134
	17;2;6
	16;あの月と、終らない夜は関係無いでしょ？
	4;500
@135
	17;2;2
	16;夜を止めて、そんでもって吸血鬼が跋扈して、
	4;500
@136
	17;2;6
	16;これほど危険な夜もないわ！
	4;500
@137
	17;1;8
	16;もう、私は夜の王なんだからその位
	16;許してよぉ。
	4;500
@138
	17;0;7
	16;おっしゃってる意味があまり……。
	4;500
@139
	17;2;2
	16;とにかく、この場で時刻の進みを
	16;正常に戻させる。
	7;1
	4;500
@140
	17;2;6
	16;妖怪を退治するのが私の仕事よ！
	4;500
@141
	17;0;2
	16;あなたにはまだ判っていないようね。
	16;私たちが夜を止めている理由が。
	4;500
@142
	17;1;5
	16;咲夜、ここは急がなくてもいいわ。
	4;500
@143
	17;1;3
	16;あなたが時刻を調整してくれるのなら。
	16;私は誤解のままでもかまわない。
	4;500
@144
	17;1;2
	16;何時ぞやの借りを返すチャンスなの。
	4;500
@145
	17;0;2
	16;お嬢様がそうおっしゃるのなら……。
	4;500
@146
	17;2;2
	16;さぁ、棺桶に戻る覚悟はいい？
	4;500
@147
	17;1;6
	16;棺桶は死人の入るものだって、
	16;前に言ったじゃない。
	4;500
@148
	17;2;2
	16;紅くて冥くて窓の少ない棺桶よ！
	4;500
	5;0;5
	5;1;5
	5;2;5
	13;0
@178
	0
	13;1
@0
	0
entry 1
@0
	1;0;1
	1;1;1
	1;2;2
@60
	15;1;4;8;10;-1
	16;借りは返したわ。
	4;500
@61
	17;1;2
	16;血は飲まないでおいてあげるから、
	16;さっさとお帰り。
	4;500
@62
	17;2;-2
	16;うーん。
	16;夜を止めたりして、一体何が目的なのよ。
	4;500
@63
	17;0;3
	16;そういう質問は、闘う前にするものよ。
	4;500
@64
	17;0;3
	16;今は、私たちの勝った後なので、答える必要は
	16;無いわ。
	4;500
@65
	17;1;3
	16;永遠の満月の復元（ボソ）
	4;500
@66
	17;0;6
	16;永遠は付かせません！
	4;500
@67
	17;2;-2
	16;明日になっても夜のままだったら嫌だなぁ。
	4;500
@68
	17;1;2
	16;咲夜、あれ。
	16;あの屋敷……。
	4;500
	13;0
@128
	9;0
	12
@188
	4;800
	11
	10
@0
	0
entry 2
@0
	1;0;1
	1;1;1
@60
	15;1;2;2;-1;-1
	16;逃げたわ！そっち。
	4;500
@61
	17;0;2
	16;私のナイフから逃げられると思って？
	4;500
	5;0;5
	5;1;5
	13;0
@91
	0
	13;1
@0
	0
entry 3
@0
	1;0;1
	1;1;1
	1;2;2
@60
	15;2;2;8;2;-1
	16;この竹林で迷わないなんて……。
	4;500
@61
	17;0;2
	16;あなたの後を追ってきたの。
	16;逃さないわ。
	4;500
@62
	17;2;2
	16;さっきは、いきなり二人で驚いただけ。
	16;もう準備は出来たわ。
	4;500
@63
	17;2;6
	16;あんたらを、結界のすきまに落とし込む！
	4;500
	5;0;5
	5;1;5
	13;0
@93
	0
	13;1
@0
	0
