entry 0 (256)
@0
	7
	8
	10;795699042
	9
	3
@1
	5
	3
@2
	5
	3
@3
	5
	3
@4
	6
	8
	9
	3
@5
	5
	9
	3
@6
	5
	9
	3
@7
	5
	9
	3
	3
@8
	6
	9
	3
@9
	5
	9
	3
@10
	5
	9
	3
@11
	5
	3
@12
	6
	9
	3
@13
	5
	3
@14
	5
	9
	3
	3
@15
	6
	8
	9
	3
	3
@16
	5
	9
	3
@17
	6
	9
	3
	3
@18
	5
	3
@19
	5
	9
	3
@20
	5
	3
@21
	6
	9
	3
@22
	5
	3
@23
	5
	9
	3
@24
	6
	9
	3
@25
	5
	3
@26
	5
	9
	3
@27
	6
	9
	3
	3
@28
	5
	3
	3
@29
	6
	3
	3
@30
	5
	3
	3
@31
	6
	3
@32
	5
	3
@33
	5
	3
@34
	5
	9
	3
@35
	5
	3
@36
	6
	11
@96
	14;60
@156
	12
@0
	0
