entry 0 (256)
@0
	7
	8
	10;795699042
	9
	3
@1
	5
	3
@2
	5
	3
@3
	6
	8
	9
	3
@4
	5
	3
@5
	5
	9
	3
@6
	5
	3
	3
@7
	6
	9
	3
@8
	5
	9
	3
@9
	5
	3
@10
	6
	8
	9
	3
@11
	5
	9
	3
	3
@12
	5
	3
@13
	6
	9
	3
@14
	5
	9
	3
@15
	5
	9
	3
@16
	5
	9
	3
@17
	5
	9
	3
@18
	6
	9
	3
	3
@19
	5
	9
	3
@20
	5
	3
@21
	6
	9
	3
@22
	5
	3
@23
	5
	9
	3
@24
	5
	9
	3
@25
	5
	9
	3
@26
	6
	9
	3
@27
	5
	3
	3
@28
	5
	3
@29
	6
	3
@30
	5
	3
	3
@31
	5
	3
@32
	6
	3
@33
	5
	3
@34
	5
	3
@35
	6
	3
@36
	5
	3
@37
	5
	3
@38
	5
	3
@39
	6
	3
@40
	5
	3
@41
	5
	3
	9
	3
@42
	5
	3
@43
	6
	11
@103
	14;60
@163
	12
@0
	0
