entry 0 (256)
@0
	13;0
	7;1
@90
	13;1
	24
	1;0;0
	15;0;6;-1
	23;0
@140
	15;0;-1;-1
	16;この辺は迷いやすいなぁ。
	4;500
	15;1;-2;-1
	16;あ、いつも三人なのに今日は一人？
	4;500
	23;1
	13;0
@170
	1;1;0
	15;1;-2;0
	13;1
	8
	16;迷子ね。
	4;500
@171
	17;0;3
	16;違うって、今日は一人で正しいの。
	16;ちょっと道に迷っただけよ。
	4;500
@172
	17;1;4
	16;だから、迷子でしょ？
	7;3
	4;500
	5;0;5
	5;1;5
	13;0
	25
@202
	0
	13;1
@0
	0
entry 1 (256)
@0
	24
	1;0;0
	1;1;0
	15;0;1;8
@50
	15;0;1;8
	16;何だか幽霊が出そうなくらい、
	16;霧が出ているわ。
	4;500
	13;0
@80
	9;500
	13;1
@140
	15;-1;-1;-1
	4;1800
@0
	0
entry 2 (256)
@0
	24
	1;0;0
	1;1;0
	15;1;8;1
@50
	15;1;8;1
	16;一人でも十分騒々しいわ。
	4;500
	13;0
@80
	9;500
	13;1
@140
	15;-1;-1;-1
	4;1800
@0
	0
entry 10 (256)
@0
	13;0
	7;1
@90
	13;1
	24
	1;0;0
	15;0;6;-1
	23;0
@140
	15;0;-1;-1
	16;この辺は迷いやすいなぁ。
	4;500
	15;1;-2;-1
	16;あ、丁度良かったぜ。
	4;500
	23;1
	13;0
@170
	1;1;0
	15;1;-2;6
	13;1
	8
	16;永遠亭ってこの辺じゃなかったか？
	4;500
@171
	17;0;4
	16;私に道訊いてるの？
	16;ちなみに私は迷い中。
	4;500
@172
	17;1;2
	16;そうか、攻撃しないと教えられないか。
	7;3
	4;500
	5;0;5
	5;1;5
	13;0
	25
@202
	0
	13;1
@0
	0
entry 11 (256)
@0
	24
	1;0;0
	1;1;0
	15;0;1;8
@50
	15;0;1;8
	16;こんなもん、飛んでいればいつか辿り着くよ。
	4;500
	13;0
@80
	9;500
	13;1
@140
	15;-1;-1;-1
	4;1800
@0
	0
entry 12 (256)
@0
	24
	1;0;0
	1;1;0
	15;1;8;1
@50
	15;1;8;1
	16;ああ、思い出したぜ。
	16;私は永遠亭から帰っている途中だったな。
	4;500
	13;0
@80
	9;500
	13;1
@140
	15;-1;-1;-1
	4;1800
@0
	0
entry 20 (256)
@0
	13;0
	7;1
@90
	13;1
	24
	1;0;0
	15;0;0;-1
	23;0
@140
	15;0;-1;-1
	16;地上は花景色というより妖精景色、
	16;いや幽霊景色ねー。
	4;500
	15;1;-2;-1
	16;どうしたのかしら、
	4;500
	23;1
	13;0
@170
	1;1;0
	15;1;-2;0
	13;1
	8
	16;こんな所に一人ではぐれて。
	16;今日は三人一緒じゃないの？
	4;500
@171
	17;0;4
	16;別に迷ってる訳じゃないよ。
	4;500
@172
	17;1;1
	16;お空への帰り道は真上よ。
	7;4
	4;500
	5;0;5
	5;1;5
	13;0
	25
@202
	0
	13;1
@0
	0
entry 21 (256)
@0
	24
	1;0;0
	1;1;0
	15;0;0;8
@50
	15;0;0;8
	16;空への帰り道くらい判るわよ。
	4;500
	13;0
@80
	9;500
	13;1
@140
	15;-1;-1;-1
	4;1800
@0
	0
entry 22 (256)
@0
	24
	1;0;0
	1;1;0
	15;1;8;2
@50
	15;1;8;2
	16;この騒ぎに、変な霊もおりてきたわねぇ。
	4;500
	13;0
@80
	9;500
	13;1
@140
	15;-1;-1;-1
	4;1800
@0
	0
entry 30 (256)
@0
	13;0
	7;1
@90
	13;1
	24
	1;0;0
	15;0;0;-1
	23;0
@140
	15;0;-1;-1
	16;地上は思ったより混乱していた、と。
	4;500
	15;1;-2;-1
	16;あれ？
	16;今日は一人？
	4;500
	23;1
	13;0
@170
	1;1;0
	15;1;-2;0
	13;1
	8
	16;って、今日は演奏を頼んでいない気がするけど
	4;500
@171
	17;0;0
	16;あれ？
	16;貴方が地上から戻ってきたって事は。
	4;500
@172
	17;0;5
	16;なんか、地上の花の様子を見てきたとか。
	4;500
@173
	17;1;6
	16;そうだけど、何よ。
	4;500
@174
	17;0;5
	16;何か面白い音ネタを聞かせて欲しいわね。
	7;5
	4;500
	5;0;5
	5;1;5
	13;0
	25
@204
	0
	13;1
@0
	0
entry 31 (256)
@0
	24
	1;0;0
	1;1;0
	15;0;0;8
@50
	15;0;0;8
	16;そう、やっぱり幽霊が多いわよねぇ。
	4;500
@51
	17;0;5
	16;もう一人で音ネタを探すのも飽きてたんだけど
	4;500
@52
	17;0;5
	16;こんな事たまにしかないし、
	16;もうちょっと色々探してみようっと。
	4;500
	13;0
@82
	9;500
	13;1
@142
	15;-1;-1;-1
	4;1800
@0
	0
entry 32 (256)
@0
	24
	1;0;0
	1;1;0
	15;1;8;6
@50
	15;1;8;6
	16;音ネタ言われてもね。
	4;500
	13;0
@80
	9;500
	13;1
@140
	15;-1;-1;-1
	4;1800
@0
	0
entry 40 (256)
@0
	13;0
	7;1
@90
	13;1
	24
	1;0;0
	15;0;0;-1
	23;0
@140
	15;0;-1;-1
	16;地上は騒がしいわー
	16;たまに戻ってこないと疲れちゃう。
	4;500
	15;1;-2;-1
	16;あら、
	4;500
	23;1
	13;0
@170
	1;1;0
	15;1;-2;0
	13;1
	8
	16;こんな空の上にも何か居るのね。
	4;500
@171
	17;0;4
	16;あーもう。
	16;もう少し騒がしくなりそう。
	4;500
@172
	17;1;5
	16;何か秘密を持っていそうな霊ね。
	7;6
	4;500
	5;0;5
	5;1;5
	13;0
	25
@202
	0
	13;1
@0
	0
entry 41 (256)
@0
	24
	1;0;0
	1;1;0
	15;0;4;8
@50
	15;0;4;8
	16;空にいても誰か来るんじゃ、
	16;中々落ち着けないなぁ。
	4;500
	13;0
@80
	9;500
	13;1
@140
	15;-1;-1;-1
	4;1800
@0
	0
entry 42 (256)
@0
	24
	1;0;0
	1;1;0
	15;1;8;0
@50
	15;1;8;0
	16;何だ、大した秘密は持ってなさそうね。
	4;500
	13;0
@80
	9;500
	13;1
@140
	15;-1;-1;-1
	4;1800
@0
	0
entry 50 (256)
@0
	13;0
	7;1
@90
	13;1
	24
	1;0;0
	15;0;2;-1
	23;0
@140
	15;0;-1;-1
	16;さあ、ソロ活動の手始めに紅い奴らの所に行く
	16;わよー！
	4;500
	15;1;-2;-1
	16;なんだなんだ、
	4;500
	23;1
	13;0
@170
	1;1;0
	15;1;-2;7
	13;1
	8
	16;朝から騒々しいね。
	4;500
@171
	17;0;5
	16;まだ演奏を始めてないけどー
	4;500
@172
	17;1;3
	16;居るだけで騒々しいのに、
	16;これから演奏しようっての！
	7;7
	4;500
	5;0;5
	5;1;5
	13;0
	25
@202
	0
	13;1
@0
	0
entry 51 (256)
@0
	24
	1;0;0
	1;1;0
	15;0;0;8
@50
	15;0;0;8
	16;妖精相手に演奏したって無駄ね。
	4;500
	13;0
@80
	9;500
	13;1
@140
	15;-1;-1;-1
	4;1800
@0
	0
entry 52 (256)
@0
	24
	1;0;0
	1;1;0
	15;1;8;2
@50
	15;1;8;2
	16;朝から騒々しいのは妖怪か婆さんくらいだよ。
	4;500
	13;0
@80
	9;500
	13;1
@140
	15;-1;-1;-1
	4;1800
@0
	0
entry 70 (256)
@0
	13;0
	7;1
@90
	13;1
	24
	1;0;0
	15;0;0;-1
	23;0
@140
	15;0;-1;-1
	16;この辺は私の演奏を聴かせる相手が
	16;居ないわねぇ。
	4;500
	15;1;-2;-1
	16;あーもう！
	4;500
	23;1
	13;0
@170
	1;1;0
	15;1;4;3
	8
	13;1
	16;私のテリトリーで何やら不穏な音を出している
	16;のは誰？
	4;500
@171
	17;0;2
	16;わたしわたし！
	16;あなたは小鳥！
	4;500
@172
	17;1;5
	16;そんな雑音じゃあ、歌う気にならないなぁ。
	7;9
	4;500
	5;0;5
	5;1;5
	13;0
	25
@202
	0
	13;1
@0
	0
entry 71 (256)
@0
	24
	1;0;0
	1;1;0
	15;0;0;8
@50
	15;0;0;8
	16;あなたは歌う。私は手を使わずに演奏する。
	16;体力戦になれば私の方が強いでしょ？
	4;500
	13;0
@80
	9;500
	13;1
@140
	15;-1;-1;-1
	4;1800
@0
	0
entry 72 (256)
@0
	24
	1;0;0
	1;1;0
	15;1;8;2
@50
	15;1;8;2
	16;やっと静かになった。
	16;これで思う存分歌えるわ～！
	4;500
	13;0
@80
	9;500
	13;1
@140
	15;-1;-1;-1
	4;1800
@0
	0
entry 80 (256)
@0
	13;0
	7;1
@90
	13;1
	24
	1;0;0
	15;0;6;-1
	23;0
@140
	15;0;-1;-1
	16;この辺は迷いやすいなぁ。
	4;500
	15;1;-2;-1
	16;あら、
	4;500
	23;1
	13;0
@170
	1;1;0
	15;1;-2;5
	13;1
	8
	16;また迷子が迷い込んできたわー。
	4;500
@171
	17;0;1
	7;10
	16;むむ、竹林には色んな奴が居るのね。
	4;500
@172
	17;0;2
	16;確かに道に迷ってるけど、雲の上は常に頭上に
	16;あるので大丈夫。
	4;500
@173
	17;1;4
	16;飛べるもんなら飛んでみても良いよ。
	4;500
@174
	17;1;1
	16;竹林の霧の中、上に飛ぶとどんな化け物が
	16;いるんでしょうねぇ。
	4;500
	5;0;5
	5;1;5
	5;2;5
	5;3;5
	13;0
	25
@204
	0
	13;1
@0
	0
entry 81 (256)
@0
	24
	1;0;0
	1;1;0
	15;0;2;8
@50
	15;0;2;8
	16;うーん。
	16;上には逃げない方が良いのかな？
	4;500
	13;0
@80
	9;500
	13;1
@140
	15;-1;-1;-1
	4;1800
@0
	0
entry 82 (256)
@0
	24
	1;0;0
	1;1;0
	15;1;8;2
@50
	15;1;8;2
	16;何が居るんでしょうねぇ。
	16;天狗かな？　それとも……
	4;500
	13;0
@80
	9;500
	13;1
@140
	15;-1;-1;-1
	4;1800
@0
	0
entry 100 (256)
@0
	13;0
	7;18
@90
	13;1
	24
	1;0;0
	15;0;7;-1
	23;0
@140
	15;0;-1;-1
	16;わーすっごい静か。
	4;500
@141
	17;0;0
	16;こんな池があったんだー
	4;500
	15;1;-2;-1
	7;-1
	16;珍しいわね。
	16;こんな所でライブでもするのでしょうか？
	4;500
@142
	17;0;4
	16;誰？
	4;500
	23;1
	13;0
@172
	1;1;0
	15;1;-2;2
	13;1
	8
	7;12
	16;でも、ここは静かなのが良いの。
	16;貴方みたいに騒がしいのが来るとちょっとね。
	4;500
@173
	17;0;1
	16;何だ天狗かー
	16;別にライブをするために来たんじゃないよ。
	4;500
@174
	17;1;0
	16;ではお忍びで休憩ですか？
	16;ネタになりますか？
	4;500
@175
	17;0;4
	16;何なのよそれは。
	4;500
@176
	17;0;3
	16;私達は別に天狗の新聞に載るために活動して
	16;いるんじゃないからね。
	4;500
@177
	17;1;6
	16;私達？
	16;貴方は今一人じゃないですか？
	4;500
@178
	17;0;4
	16;ああそうね。
	16;私ね。
	4;500
@179
	17;0;0
	16;今は私一人で音集めしていた所だった。
	4;500
@180
	17;1;5
	16;音集めですか、こんな静かな所に来ても……
	4;500
@181
	17;0;0
	16;確かにねぇ。
	16;でも、ラッキーだわ。
	4;500
@182
	17;0;2
	16;天狗の風切り音が聞けそうだもん。
	4;500
	5;0;5
	5;1;5
	5;2;5
	5;3;5
	13;0
	25
@212
	0
	13;1
@0
	0
entry 101 (256)
@0
	24
	1;0;0
	1;1;0
	15;0;2;8
@50
	15;0;2;8
	16;よし覚えたぞ！
	16;貴方の音も。
	4;500
@51
	17;1;8
	16;音を集めてどうするのでしょう？
	4;500
@52
	17;0;2
	16;色々覚えて新しい音を創るのよ！
	4;500
@53
	17;0;5
	16;今、花が咲いているのに混じって、幽かな音も
	16;聞こえるでしょう？
	4;500
@54
	17;1;8
	16;幽かな音、ええ、外の世界の音ですね。
	4;500
	13;0
@84
	9;500
	13;1
@144
	15;-1;-1;-1
	4;1800
@0
	0
entry 102 (256)
@0
	24
	1;0;0
	1;1;0
	15;1;8;2
@50
	15;1;8;2
	16;突然攻撃を仕掛けられたから、思わず
	16;反撃してしまいました。
	4;500
	13;0
@80
	9;500
	13;1
@140
	15;-1;-1;-1
	4;1800
@0
	0
entry 90 (256)
@0
	13;0
	7;-1
@90
	13;1
	24
	1;0;0
	15;0;7;-1
	23;0
@140
	15;0;-1;-1
	16;ここも凄いわ～
	4;500
@141
	17;0;0
	16;一面の向日葵、幽霊が何処よりも騒がしい。
	4;500
@142
	17;0;0
	16;いい音が集められそうね～
	4;500
	15;1;-2;-1
	7;11
	28;1
	16;これはまた騒がしい霊だこと。
	4;500
@143
	17;0;6
	16;また誰か居た？
	4;500
	23;1
	13;0
@173
	1;1;0
	15;1;-2;0
	13;1
	16;居たわ。
	4;500
@174
	17;1;1
	16;貴方はここに居る外の霊なんかより
	16;ずっと騒がしい。
	4;500
@175
	17;0;1
	16;それが仕事だもの。
	16;今日は一人だから余り騒がしくはしないけど。
	4;500
@176
	17;1;1
	8
	16;貴方の騒がしさは幻想の騒がしさ。
	16;既に死んだ音。
	4;500
@177
	17;1;5
	16;貴方にはここの幽霊達が何を喋っているのか
	16;聞こえるのね。
	4;500
@178
	17;0;4
	16;うーん。
	16;何を言っているのかは判らないなー……
	4;500
@179
	17;1;1
	16;ほら、向日葵が貴方を注目し始めたわ。
	4;500
@180
	17;1;2
	16;向日葵に取り憑いた霊も、やっと理解者が
	16;現れたと思ったのね。
	4;500
@181
	17;0;7
	16;ちょっとちょっと、
	16;何よこの向日葵！
	4;500
@182
	17;0;7
	16;何で私の方を向くのよー！
	4;500
@183
	17;1;1
	16;それは、貴方も同じ霊だから。
	4;500
@184
	17;1;1
	16;ここに限らず、今の花は全て霊の仕業だから。
	4;500
@185
	17;1;5
	16;今年の霊は騒々しいわね。
	16;もしかしたら貴方達よりも騒々しいのかも。
	4;500
@186
	17;0;4
	16;達？
	16;今日は一人なんだけど……
	4;500
@187
	17;1;1
	16;さあ、私の可愛い向日葵達。
	16;騒霊ライブの始まりよ！
	4;500
	5;0;5
	5;1;5
	5;2;5
	5;3;5
	13;0
	25
@217
	0
	13;1
@0
	0
entry 91 (256)
@0
	24
	1;0;0
	1;1;0
	15;0;1;0
@50
	15;0;1;0
	16;向日葵畑で騒霊ライブかー
	4;500
@51
	17;0;2
	16;それは楽しそうねぇ。
	4;500
@52
	17;1;0
	16;いつでもいらっしゃい。
	4;500
@53
	17;1;1
	16;ただ、向日葵に霊が宿っているのは、
	16;６０年前と今と６０年後だけだと思うけど。
	4;500
	13;0
@83
	9;500
	13;1
@143
	15;-1;-1;-1
	4;1800
@0
	0
entry 92 (256)
@0
	24
	1;0;0
	1;1;0
	15;1;8;0
@50
	15;1;8;0
	16;まだまだ、そんなんじゃみんな満足しないわよ
	16;ここの向日葵の霊は騒々しいんだから。
	4;500
	13;0
@80
	9;500
	13;1
@140
	15;-1;-1;-1
	4;1800
@0
	0
entry 130 (256)
@0
	13;0
	7;18
@90
	13;1
	24
	1;0;0
	15;0;0;-1
	23;0
@140
	15;0;-1;-1
	16;そういえば、桜の音はまだ聴いていなかったわ
	4;500
@141
	17;0;6
	16;花の異常さに惑わされて、春の花をすっかり
	16;忘れてたわー
	4;500
	15;1;-2;-1
	16;彼岸桜に彼岸花。
	4;500
@142
	17;1;-1
	16;いつもは静かな無縁の塚に
	16;同時に咲かない花が咲く。
	4;500
@143
	17;1;-1
	16;彼岸花は死の悼みを訴えるでしょう。
	16;彼岸桜は断罪の曲を奏でるでしょう。
	4;500
	23;1
	13;0
@173
	1;1;0
	15;1;-2;0
	13;1
	16;こんな所に珍しい程、はっきりした騒霊達が
	16;現れたものね。
	4;500
@174
	17;0;4
	16;また、達ってー
	16;今日は一人だってば。
	4;500
@175
	17;1;5
	16;あら、じゃあ後ろの二人は何なのかしら？
	4;500
@176
	17;2;-1
	16;あ？
	16;言っちゃ駄目じゃないの～
	4;500
@177
	17;3;-1
	16;折角、隠れてついてきてたのに……
	4;500
@178
	17;0;7
	16;って！？
	16;姉さん達何時の間に後ろに！？
	4;500
	1;3;0
	17;3;3
	16;最初からずっと見ていたわ。
	4;500
	1;2;0
	17;2;0
	16;面白そうな事してたから内緒でね。
	4;500
@179
	17;1;2
	16;ほら、かしましい三人の霊達。
	4;500
@180
	17;1;0
	16;こんな墓場でもライブを行うのですね。
	4;500
@181
	17;0;3
	16;何よー
	4;500
@182
	17;0;3
	16;付いてきてるんなら最初から
	16;言ってくれれば良いのに！
	4;500
@183
	17;3;4
	16;危なくなったら出るつもりだったわよ。
	4;500
@184
	17;2;2
	16;そうそう。
	16;今みたいにね。
	4;500
@185
	17;0;6
	7;-1
	16;今みたいに？
	4;500
@186
	17;1;0
	16;ここの霊は外の世界の人間の霊。
	16;今は花を拠り所とする。
	4;500
@187
	17;1;5
	16;貴方達は生まれつきの霊。
	16;拠り所だった物は既に無い。
	4;500
@188
	17;1;0
	7;15
	28;1
	16;そう、貴方達は少し自己が曖昧過ぎる。
	4;500
@189
	17;0;0
	16;……
	4;500
@190
	17;1;5
	16;このままでは、貴方達は暴走するか、
	16;消えてしまうかのどちらかでしょう。
	4;500
@191
	17;1;6
	16;貴方達を裁くことは無いかもしれないけど、
	16;見捨てるのも可哀想……
	4;500
@192
	17;3;5
	16;貴方は一体？
	4;500
@193
	17;1;0
	8
	16;私は死んだ者の罪を裁く者、
	16;そう地獄の裁判長。
	4;500
@194
	17;1;5
	16;貴方達はこれからももっと演奏を楽しみ
	16;たいのであれば、
	4;500
@195
	17;1;1
	16;私の忠告を聞くしかないのですよ。
	4;500
@196
	17;0;3
	16;何を言ってるのかしら。
	16;姉さん、こんな奴の事聞く必要もないよ。
	4;500
@197
	17;2;1
	16;そうそう。
	16;忠告とか言って、何かの詐欺か宗教だからね！
	4;500
@198
	17;3;3
	16;そう、ね。
	4;500
@199
	17;1;7
	16;拠り所のない霊は非常に不安定です。
	4;500
@200
	17;1;0
	16;貴方達は楽器を拠り所にしているようで
	16;実は違う。
	4;500
@201
	17;1;1
	16;貴方達の拠り所は貴方達を生んだ人間。
	16;そして、その人間はもう居ない。
	4;500
@202
	17;1;2
	16;消えたくなければ、
	16;まずは、自分の存在理由を考え直すのです！
	4;500
	5;0;5
	5;1;5
	5;2;5
	5;3;5
	13;0
	25
@232
	0
	13;1
@0
	0
entry 131 (256)
@0
	4;500
	13;0
	9;0
	13;1
@1
	4;1800
	14
@300
	0
@0
	0
entry 132 (256)
@0
	24
	1;0;0
	1;1;0
	15;1;8;0
@50
	15;1;8;0
	16;後ろの二人は攻撃に迷いがあるようね。
	16;ならば、少しは可能性があるという物です。
	4;500
@51
	17;1;5
	16;この世は迷いの世。
	16;その迷いが繋ぎ止めることになるでしょう。
	4;500
	13;0
@81
	9;500
	13;1
@141
	15;-1;-1;-1
	4;1800
@0
	0
entry 200 (256)
@0
	23;0
	23;1
	25
@20
	0
@0
	0
entry 201 (256)
@0
	23;0
	23;1
	25
@20
	0
@0
	0
