entry 0
@0
	1;0;1
	1;1;1
	15;0;5;2;-1;-1
@60
	15;0;5;2;-1;-1
	16;廊下は終ったみたいだけど、
	16;ここは一体……。
@61
	4;60
	13;0
	6
@121
	1;2;2
	13;1
	17;2;5
	16;この位でいいわね。
	4;500
@122
	17;2;2
	16;ここまで来ても気が付かないのかしら？
	4;500
@123
	17;1;9
	16;しまった！
	16;嵌められたわ、咲夜。
	4;500
@124
	17;1;2
	16;アレは月じゃない！
	4;500
@125
	17;0;2
	16;確かに、ちょっと大き過ぎますわねぇ。
	4;500
@126
	17;1;7
	16;いや、大きいのは近い所為だと思うけど。
	4;500
@127
	17;2;2
	16;そう、貴方達は偽物の月と永い廊下に
	16;導かれてここまで来た。
	8;2;0;永琳
	4;500
@128
	17;2;4
	16;満月は、月と地上を結ぶ唯一の鍵なの。
	4;500
@129
	17;2;5
	16;その鍵を壊せば、月と地上は行き来
	16;出来なくなる。
	4;500
@130
	17;2;2
	16;ほら、こんな風に偽の幻影に惑わされてね。
	4;500
@131
	17;0;2
	16;あら、幻影ですって。
	16;さっきの無茶苦茶長い廊下も幻影かしら。
	4;500
@132
	17;1;2
	16;幻影かもね。
	4;500
@133
	17;1;8
	16;あんなに長いんじゃ、掃除用のモップが
	16;持たなさそうだし。
	4;500
@134
	17;0;5
	16;あら、恐らくモップじゃなくて雑巾掛け
	16;じゃないかしら。腰痛めそうね。
	4;500
@135
	17;2;7
	16;そんなとこ、気にしなくてもいいじゃない。
	16;幻影よ幻影。
	4;500
@136
	17;1;8
	16;それにしても、こんな大掛かりな事をして
	16;どうしようっての？
	4;500
@137
	17;1;2
	16;誰も月に行こうとなんてしてないよ。
	4;500
@138
	17;2;2
	16;幻想郷の外には地上から月に向う愚か者も
	16;居るけど……。
	4;500
@139
	17;2;2
	16;それより今は、月からの追手から姫を守る
	16;事だけを考えている。
	4;500
@140
	17;2;5
	16;今夜はこのまま朝を迎えれば、もう
	16;月から使者がやってこないでしょう。
	4;500
@141
	17;0;5
	16;ああ、さっきから兎ばっかリ出てきたのは
	16;月の兎だったのね。
	4;500
@142
	17;2;7
	16;いや、殆どは地上で捕まえた兎。
	4;500
@143
	17;2;5
	16;生粋の月の兎はさっきの鈴仙だけよ。
	4;500
@144
	17;1;5
	16;どうでもいいよ。
	4;500
@145
	17;1;2
	16;満月を奪った奴がわかっただけで良いの。
	16;理由なんてどうでもいい。
	4;500
@146
	17;1;4
	16;ここに来るまで、犯人を見つけたらどう痛み
	16;つけてやろうか、だけを考えてきたわ。
	4;500
@147
	17;1;3
	16;咲夜、ここは手加減無しよ。
	4;500
@148
	17;0;3
	16;今まで出会ってきた敵も手加減してない
	16;ですよ。
	4;500
@149
	17;1;5
	16;……じゃあ、死ぬ気で。
	4;500
@150
	17;0;2
	16;死にませんよ。
	4;500
@151
	17;2;4
	16;随分と余裕ねぇ。
	4;500
@152
	17;2;2
	16;ここまで誘い出したのも、思う存分遊ぶ為。
	4;500
@153
	17;2;2
	16;安心していいわ。
	16;朝になれば満月は元に戻してあげるから。
	4;500
@154
	17;2;5
	16;後は、朝まで遊ぶだけでいいのよ。
	4;500
@155
	17;0;4
	16;お嬢様、良かったですわね。
	4;500
@156
	17;0;8
	16;勝っても負けても満月は元に戻るようで。
	4;500
@157
	17;1;6
	16;何を甘い事言ってるの？
	4;500
@158
	17;1;6
	16;なめられたお返しをしないと、
	16;幻想郷での威厳が保てないじゃないの。
	4;500
@159
	17;1;2
	16;もはや満月なんてどうでも良いの。
	4;500
@160
	17;2;6
	16;ふん、ガキの癖に。
	4;500
@161
	17;2;2
	16;貴方みたいな幼い子供が永遠の民である
	16;私に敵うはずが無いじゃない。
	4;500
@162
	17;2;2
	16;貴方の積み重ねてきた紅い歴史。
	4;500
@163
	17;2;5
	16;私の歴史で割れば、ゼロよ。
	16;永久からみれば貴方は須臾。
	4;500
@164
	17;0;8
	16;ほら、お嬢様。
	16;年長者は敬わないといけませんよ。
	4;500
@165
	17;1;7
	16;あんたは一番若い。
	4;500
@166
	17;2;5
	16;あと、夜を止めていたのは貴方達でしょう？
	4;500
@167
	17;2;2
	16;そんなことして、姫の逆鱗に触れて
	16;なければいいけど……。
	4;500
@168
	17;1;4
	16;ほれ私を敬いなさい、咲夜。存分に。
	4;500
@169
	17;2;7
	16;話を聞いていない。
	4;500
@170
	17;2;2
	16;最近の若い者はこれだから困るよ。
	4;500
@171
	17;2;5
	16;貴方達には、話よりこの弾幕の薬の方が
	16;必要みたいね！
	7;1
	4;500
	5;0;5
	5;1;5
	5;2;5
	13;0
@201
	0
	13;1
@0
	0
entry 2
@0
	1;0;1
	1;1;1
	1;2;2
	13;0
@60
	15;2;2;2;2;-1
	13;1
	16;ふふふ。
	4;500
@61
	17;2;-2
	16;無事ついて来てるようね。
	4;500
@62
	17;1;2
	16;ほらほら。
	16;もう後が無いんじゃないのか？
	4;500
@63
	17;0;8
	16;でも、さっきから大分進んでいるけど……。
	16;この廊下、終わりが見えません！
	4;500
	5;0;5
	5;1;5
	5;2;5
	13;0
@93
	0
	13;1
@0
	0
entry 3
@60
	15;2;-1;-1;-1;-1
	16;何遊んでるのよ！
	6
	4;500
@61
	17;2;-2
	16;永琳、私の力でもう一度だけチャンスをあげる。
	4;500
@62
	17;2;-2
	16;これで負けたらその時は……。
	4;500
@63
	17;2;-2
	16;そこの悪魔！
	4;500
@64
	17;2;-2
	16;私の力で作られた薬と永琳の本当の力、
	16;一生忘れないものになるよ！
	4;500
	7;2
	13;0
@94
	0
	13;1
@0
	0
entry 4
@0
	7;-1
	0
	0
entry 5
@60
	4;800
	9;0
@120
	4;800
	13;0
	12
	14
@440
	11
	10
@0
	0
