entry 0
@0
	15;2;-1;-1;-1;-1
@60
	15;2;-1;-1;-1;-1
	16;遅かったわね。
@61
	4;60
	13;0
	6
@121
	1;2;2
	13;1
	17;2;5
	16;全ての扉は封印したわ。
	16;もう、姫は連れ出せないでしょう？
	4;500
	1;0;1
	1;1;1
	15;0;2;2;-2;-1
	16;漸く見つかりましたね。犯人が。
	4;500
@122
	17;1;2
	16;これは宇宙鳥。
	16;まだまだ、焦っちゃ駄目よ。
	4;500
@123
	17;2;7
	16;なんだ、幽霊か。
	16;焦らせないでよ、もう。
	8;2;0;鈴仙
	4;500
@124
	17;2;2
	16;用が無いなら帰ってよ。
	16;今取り込み中なの。
	4;500
@125
	17;0;2
	16;そうはいかない。
	16;この月の異変は、お前がやったのだろう？
	4;500
@126
	17;0;5
	16;そうなら斬る。
	16;違うのなら斬って先に進む。
	4;500
@127
	17;2;2
	16;月の異変？
	16;ああ、地上の密室の術の事？
	4;500
@128
	17;1;6
	16;そうよ。
	16;これは物凄く迷惑な術だわ。
	4;500
@129
	17;1;6
	16;即刻やめてもらいます。
	16;妖夢、さぁ斬っておしまい。
	4;500
@130
	17;0;9
	16;え、えぇ、行きますよ？
	4;500
@131
	17;2;6
	16;荒っぽい幽霊ね。
	16;少しは話を聞いてからでも良いじゃない。
	4;500
	13;0
	6
@191
	1;3;2
	13;1
	17;3;2
	16;あら、お迎えかと思ったら、幽霊？
	4;500
@192
	17;3;2
	16;まぁ、お迎えが来れる筈が無いけど。
	4;500
@193
	17;1;8
	16;妖夢、二人目よ。
	16;これも斬るのよ。
	4;500
@194
	17;0;9
	16;え、えぇ？行きます、の？
	4;500
@195
	17;3;2
	16;ほら、そんなに苛めちゃ可哀相じゃない。
	4;500
@196
	17;3;2
	16;月の件は、私の術よ。
	16;ただ、これも姫とこの娘の為。
	4;500
@197
	17;3;2
	16;幽霊とはいえ、この位の優しさが無いと
	16;いけないわ。
	4;500
@198
	17;0;2
	16;お前が犯人か。
	16;それは斬る相手が一人減った。
	4;500
@199
	17;3;2
	16;うーん、でも焦っちゃ駄目。
	16;ウドンゲ、ここはお前に任せたわ。
	4;500
@200
	17;3;2
	16;間違っても姫を連れ出されないようにね。
	4;500
	5;3;5
	13;0
	6
@260
	13;1
	4;500
@261
	17;2;2
	16;お任せください。斬られはしないけど、
	16;扉は一つも空かせません。
	4;500
@262
	17;0;7
	16;（なんだ、幽々子さまと大差ないじゃ
	16;　ないか。）
	4;500
@263
	17;1;2
	16;脳が逃げて、鳥が残る。
	16;妖夢、斬る相手が一人減ったわね。
	4;500
@264
	17;0;2
	16;え？　えぇ、斬りますってば。
	4;500
@265
	17;2;5
	16;ふふふ。
	16;月の事ばっかに気を取られて……。
	7;1
	4;500
@266
	17;2;2
	16;既に私の罠に嵌っている事に気が付いて
	16;いないのかしら？
	4;500
@267
	17;0;9
	16;！？
	4;500
@268
	17;2;2
	16;貴方の方向は狂い始めている。
	16;もう真っ直ぐ飛んでいられない！
	4;500
@269
	17;0;2
	16;そういえば、幽々子さま、なんで
	16;あいつが鳥なんですか？兎じゃぁ…
	4;500
@270
	17;1;9
	16;兎は、皮をはいで食べると、
	16;鳥になるの。覚えておきなさい。
	4;500
@271
	17;2;7
	16;嘘を教えるな。
	16;っつか、無視するな！
	4;500
@272
	17;2;2
	16;私の目を見ても、まだ正気で居られると
	16;思うなよ！
	4;500
	5;0;5
	5;1;5
	5;2;5
	13;0
@302
	0
	13;1
@0
	0
entry 1
@0
	1;0;1
	1;1;1
	1;2;2
@60
	15;0;8;8;10;-1
	16;うう。目が廻る。
	16;なんだか気分が悪くなってきた……。
	4;500
@61
	17;1;2
	16;あらあら、これだけ揺られたから、
	16;人間側が酔ったのね。
	4;500
@62
	17;1;2
	16;まぁ、安心しなさい。
	16;次は体に良い物が食べられるわよ。
	4;500
@63
	17;2;-2
	16;なんていうこと。
	16;思ってたよりずっと強い……。
	4;500
@64
	17;1;3
	16;次は薬膳よ。しかも最後なの。
	4;500
@65
	17;1;8
	16;龍じゃないのが残念だけど。
	4;500
@66
	17;0;2
	16;幽々子さま。
	16;なんか知っているんですか？
	4;500
@67
	17;1;9
	16;全然。
	4;500
	13;0
@127
	9;0
	12
@187
	4;800
	11
	10
@0
	0
entry 2
@0
	1;0;1
	1;1;1
	1;2;2
@60
	15;0;8;8;10;-1
	16;うう。目が廻る。
	16;なんだか気分が悪くなってきた……。
	4;500
@61
	17;1;2
	16;あらあら、これだけ揺られたから、
	16;人間側が酔ったのね。
	4;500
@62
	17;1;2
	16;あそこに見える扉の奥で
	16;ちょっと休みましょうか。
	4;500
@63
	17;2;-2
	16;ああ、しまった。
	16;まだ封印が間に合ってない扉があったのか。
	4;500
@64
	17;0;2
	16;大丈夫、ですよ。
	16;先を急ぎましょう。さっきのを追いますよ。
	4;500
@65
	17;1;2
	16;いいの。
	16;空いている扉は入れる扉。
	4;500
@66
	17;1;2
	16;きっとそこには最後の料理が待っているわ。
	4;500
@67
	17;1;2
	16;まぁ、休憩にはならないかもしれない
	16;けどね。
	4;500
	13;0
@127
	9;0
	12
@187
	4;800
	11
	10
@0
	0
entry 3
@120
	4;1
@180
	19;幽々子さまの言う通りに進む（FinalA）
	20;幽々子さまの言う通りに進む（FinalB）
	21;1200
@181
	22
@211
	0
@0
	0
