entry 0 (256)
@0
	7;0
	8;0
	10;795699042
	9
	3
@1
	5;6000000
	3
@2
	5;6000000
	3
@3
	6
	8;1
	9
	3
@4
	5;6000000
	9
	3
@5
	5;6000000
	3
@6
	6
	9
	3
@7
	5;6000000
	9
	3
@8
	6
	9
	3
@9
	5;6000000
	3
@10
	5;6000000
	9
	3
@11
	6
	3
@12
	5;6000000
	9
	3
@13
	5;6000000
	3
@14
	5;6000000
	9
	3
@15
	6
	8;2
	9
	3
@16
	5;6000000
	3
@17
	6
	3
@18
	5;6000000
	3
@19
	5;6000000
	9
	3
@20
	6
	9
	3
@21
	5;6000000
	3
@22
	5;6000000
	3
@23
	6
	9
	3
@24
	5;6000000
	3
@25
	6
	9
	3
@26
	5;6000000
	3
@27
	5;6000000
	9
	3
@28
	6
	9
	3
@29
	5;6000000
	3
@30
	5;6000000
	9
	3
@31
	6
	9
	3
@32
	5;6000000
	3
@33
	5;6000000
	3
@34
	6
	9
	3
@35
	5;6000000
	3
@36
	6
	9
	3
@37
	5;6000000
	3
@38
	6
	3
@39
	5;6000000
	3
@40
	6
	3
@41
	5;6000000
	3
@42
	5;6000000
	3
@43
	6
	9
	3
@44
	5;6000000
	3
	3
@45
	6
	11
@105
	14
@165
	12
@225
	0
@0
	0
