entry 0 (256)
@0
	7
	8
	10;795699042
	9
	3
@1
	5
	3
@2
	5
	3
@3
	5
	3
@4
	6
	8
	9
	3
	3
@5
	5
	9
	3
@6
	5
	9
	3
@7
	6
	9
	3
@8
	5
	3
@9
	5
	3
@10
	5
	3
@11
	5
	9
	3
@12
	6
	9
	3
@13
	5
	3
	3
@14
	5
	3
@15
	6
	9
	3
@16
	5
	3
@17
	5
	9
	3
@18
	5
	3
@19
	6
	8
	9
	3
@20
	5
	3
@21
	5
	9
	3
@22
	6
	9
	3
@23
	5
	3
	3
@24
	6
	9
	3
@25
	5
	9
	3
	3
@26
	5
	9
	3
	3
@27
	6
	9
	3
@28
	5
	9
	3
	3
@29
	5
	9
	3
@30
	5
	9
	3
@31
	6
	9
	3
@32
	5
	9
	3
@33
	5
	3
	3
@34
	5
	9
	3
@35
	6
	9
	3
@36
	5
	3
@37
	5
	9
	3
@38
	5
	9
	3
@39
	5
	3
@40
	6
	9
	3
	3
@41
	5
	3
@42
	6
	3
@43
	5
	3
@44
	5
	3
@45
	5
	9
	3
@46
	5
	3
@47
	6
	11
@107
	14;60
@167
	12
@0
	0
