entry 0
@0
	1;0;0
	2;0;0
	5;0;1
@60
	3;0;0;この不吉な感じ
	4;300
@61
	3;0;0;あんまり喜ばしくないわね
	4;360
	6
@101
	1;1;0
	2;1;1
	5;1;1
	5;0;4
	3;1;0;みんなが騒がしいと思ったら
	4;300
	5;0;4
	5;1;3
@102
	3;1;0;生きた人間だったのね
	2;1;1
	8;1;0;　　　半分幻の庭師　　　　　
	8;1;1;魂魄　妖夢（こんぱくようむ）
	4;300
	5;0;3
	5;1;4
@103
	3;0;0;・・・まさかと思ったけど
@104
	3;0;1;ここって・・・
	2;0;9
	4;300
	5;0;4
	5;1;3
@105
	3;1;0;昔は生きていた者が住む処よ
	2;1;2
	4;300
	5;0;3
	5;1;4
@106
	3;0;0;あの世？
@107
	3;0;1;やっぱりお呼ばれしてたのかぁ
	2;0;0
	4;300
@108
	5;0;4
	5;1;3
	3;1;0;あなたは、まだお呼びではない
	2;1;1
	4;300
@109
	5;0;3
	5;1;4
	3;0;0;それにしても
	2;0;1
	4;300
@110
	5;0;3
	5;1;4
	3;0;0;こんな普通に、普通の人間があの世に
	3;0;1;入れたら、危ないじゃないの
	2;0;9
	4;300
@111
	5;0;4
	5;1;3
	3;1;0;あんたが、結界を破って入って
	3;1;1;きたんでしょ！
	2;1;0
	4;300
@112
	5;0;3
	5;1;4
	3;0;0;あんな結界、普通に破れたわよ
	2;0;0
	4;300
@113
	5;0;4
	5;1;3
	3;1;0;入ってくるな、の意思表示に結界が
	3;1;1;張ってあったわけでしょ
	2;1;2
	4;300
@114
	5;0;4
	5;1;3
	3;1;0;「のぼるな危険」の鉄塔にのぼる子供
	3;1;1;じゃないんだから
	2;1;1
	4;300
@115
	5;0;4
	5;1;3
	3;1;0;勝手に結界を破って、勝手に危険とか
	3;1;1;言ってるんじゃないよ
	2;1;2
	4;300
@116
	5;0;3
	5;1;4
	3;0;0;良く喋る幽霊だ
	2;0;3
	4;300
@117
	5;0;4
	5;1;3
	3;1;0;私は半分は幽霊ではない！
	2;1;0
	4;300
@118
	5;0;3
	5;1;4
	3;0;0;そっちを訂正するの？
	2;0;9
	4;300
@119
	5;0;4
	5;1;3
	3;1;0;ともかく、あとほんの僅かの春が集まれば
	2;0;0
	2;1;1
	4;300
@120
	5;0;4
	5;1;3
	3;1;0;この西行妖（さいぎょうあやかし）が
	3;1;1;満開になる
	2;1;1
	4;300
@121
	5;0;4
	5;1;3
	3;1;0;あなたが持ってきたなけなしの春が
	2;0;9
	2;1;1
	4;300
@122
	5;0;4
	5;1;3
	3;1;0;満開まであと一押しするってものよ
	2;0;8
	2;1;1
	4;300
@123
	5;0;3
	5;1;4
	3;0;0;良く喋る半分は幽霊
	2;0;1
	4;300
@124
	5;0;4
	5;1;3
	3;1;0;話を聞いてた？
	2;1;0
	4;300
@125
	5;0;4
	5;1;3
	3;1;0;あなたはここで斬られて
	3;1;1;おしまいなのよ
	2;1;0
	4;300
@126
	5;0;3
	5;1;4
	3;0;0;あの世で死んでも、あの世に
	3;0;1;逝くのかしら
	2;0;9
	4;300
@127
	5;0;4
	5;1;3
	3;1;0;あんたは地獄逝き
	2;1;2
	4;300
@128
	5;0;3
	5;1;4
	3;0;0;あ、ここは地獄じゃないの？
	2;0;0
	4;300
@129
	5;0;4
	5;1;3
	3;1;0;・・・妖怪が鍛えたこの楼観剣に
	2;1;0
	7;1
	4;300
@130
	5;0;4
	5;1;3
	3;1;0;斬れぬものなど、あんまり無い！
	2;1;0
	4;300
	5;0;5
	5;1;5
	13;0
@160
	0
	13;1
@0
	0
entry 1
@0
	1;0;0
	2;0;0
	5;0;1
	1;1;0
	2;1;3
	5;1;1
@60
	5;0;3
	5;1;4
	3;0;0;ここはもう十分に春じゃない
	2;0;0
	4;300
@61
	5;0;3
	5;1;4
	3;0;0;これ以上に何をしようっていうの？
	2;0;0
	4;300
@62
	5;0;4
	5;1;3
	3;1;0;お嬢様が今年こそは桜を満開に
	3;1;1;するって・・・
	4;300
@63
	5;0;4
	5;1;3
	3;1;0;西行妖が満開になるには
	3;1;1;この程度の春では・・・
	4;300
@64
	5;0;3
	5;1;4
	3;0;0;満開になると良い事あるのかしら
	2;0;1
	4;300
	13;0
@124
	9;0
	12
@184
	4;1200
	11
	10
@0
	0
entry 10
@0
	1;0;0
	2;0;0
	5;0;1
@60
	3;0;0;大分暖かくなってきたな
	4;300
	6
@100
	1;1;0
	2;1;1
	5;1;1
	5;0;4
	3;1;0;みんなが騒がしいと思ったら
	4;300
	5;0;4
	5;1;3
@101
	3;1;0;生きた人間だったのね
	2;1;1
	8;1;0;　　　半分幻の庭師　　　　　
	8;1;1;魂魄　妖夢（こんぱくようむ）
	4;300
	5;0;3
	5;1;4
@102
	3;0;0;私が死体なら騒がないのか？
	2;0;1
	4;300
	5;0;4
	5;1;3
@103
	3;1;0;騒がない
	2;1;2
	4;300
	5;0;4
	5;1;3
@104
	3;1;0;人間がここ白玉楼に来ることは
	2;1;1
	4;300
	5;0;4
	5;1;3
@105
	3;1;0;それ自体が死のはずなのよ
	2;1;2
	4;300
	5;0;3
	5;1;4
@106
	3;0;0;私はきっと生きてるぜ
	2;0;0
	4;300
@107
	5;0;4
	5;1;3
	3;1;0;あなたは、その結界を自分で越えてきた
	2;1;1
	4;300
@108
	5;0;4
	5;1;3
	3;1;0;その愚かさに霊が騒がしくもなろう
	2;1;1
	4;300
@109
	5;0;3
	5;1;4
	3;0;0;で、ここは暖かくていいぜ
	2;0;1
	4;300
@110
	5;0;4
	5;1;3
	3;1;0;それはもう、幻想郷中の春が集まった
	3;1;1;からね
	2;1;1
	4;300
@111
	5;0;4
	5;1;3
	3;1;0;普通の桜は満開以上に満開だわ
	2;1;2
	4;300
@112
	5;0;3
	5;1;4
	3;0;0;死体が優雅にお花見とは洒落てるな
	2;0;0
	4;300
@113
	5;0;4
	5;1;3
	3;1;0;それでも西行妖（さいぎょうあやかし）
	3;1;1;は満開には足りない・・・
	2;1;1
	4;300
@114
	5;0;3
	5;1;4
	3;0;0;さいぎょうあやかし？
	2;0;3
	4;300
@115
	5;0;4
	5;1;3
	3;1;0;うちの自慢の妖怪桜よ
	2;1;2
	4;300
@116
	5;0;3
	5;1;4
	3;0;0;それは見てみたい気もするぜ
	2;0;9
	4;300
@117
	5;0;4
	5;1;3
	3;1;0;ともかく、あとほんの僅かの春が集まれば
	3;1;1;この西行妖も満開になる
	2;1;1
	4;300
@118
	5;0;4
	5;1;3
	3;1;0;あなたが持ってきたなけなしの春が
	2;1;1
	4;300
@119
	5;0;4
	5;1;3
	3;1;0;満開まであと一押しするってものよ
	2;1;2
	4;300
@120
	5;0;3
	5;1;4
	3;0;0;しかし、折角集めた春を渡すつもりなど
	3;0;1;あるわけも無いぜ
	2;0;1
	4;300
@121
	5;0;4
	5;1;3
	3;1;0;満開まであと一押し！
	2;1;0
	4;300
@122
	5;0;3
	5;1;4
	3;0;0;いっそのこと、私がお前の集めた春を
	3;0;1;全て奪って
	2;0;1
	4;300
@123
	5;0;3
	5;1;4
	3;0;0;その妖怪桜を咲かせてやるぜ
	2;0;1
	4;300
@124
	5;0;4
	5;1;3
	3;1;0;私の集めた春は渡しやしない
	2;1;0
	4;300
@125
	5;0;3
	5;1;4
	3;0;0;私もな
	2;0;0
	4;300
@126
	5;0;4
	5;1;3
	3;1;0;・・・妖怪が鍛えたこの楼観剣に
	2;1;0
	7;1
	4;300
@127
	5;0;4
	5;1;3
	3;1;0;斬れぬものなど、殆ど無い！
	2;1;0
	4;300
	5;0;5
	5;1;5
	13;0
@157
	0
	13;1
@0
	0
entry 11
@0
	1;0;0
	2;0;0
	5;0;1
	1;1;0
	2;1;3
	5;1;1
@60
	5;0;3
	5;1;4
	3;0;0;さぁ、その妖怪桜まで案内してもらおうか
	2;0;2
	4;300
@61
	5;0;4
	5;1;3
	3;1;0;どの道、西行妖が満開になるんだったら
	3;1;1;それでもいいんだけど
	4;300
@62
	5;0;4
	5;1;3
	3;1;0;なんか納得いかない
	4;300
@63
	5;0;3
	5;1;4
	3;0;0;誰が、満開にするなんていったんだ？
	2;0;0
	4;300
@64
	5;0;3
	5;1;4
	3;0;0;私は花見がしたいだけだぜ
	2;0;2
	4;300
	13;0
@124
	9;0
	12
@184
	4;1200
	11
	10
@0
	0
entry 20
@0
	1;0;0
	2;0;0
	5;0;1
@60
	3;0;0;出てきな
	4;300
	6
@100
	1;1;0
	2;1;1
	5;1;1
	5;0;4
	3;1;0;みんなが騒がしいと思ったら
	4;300
	5;0;4
	5;1;3
@101
	3;1;0;生きた人間だったのね
	2;1;1
	8;1;0;　　　半分幻の庭師　　　　　
	8;1;1;魂魄　妖夢（こんぱくようむ）
	4;300
	5;0;3
	5;1;4
@102
	3;0;0;ようやく、原拠までたどり着いたようね
	2;0;1
	4;300
	5;0;3
	5;1;4
@103
	3;0;0;丸一日かかってしまったわ
	2;0;1
	4;300
	5;0;4
	5;1;3
@104
	3;1;0;こんなところまで来て、余裕あるわね
	2;1;1
	4;300
	5;0;4
	5;1;3
@105
	3;1;0;ここは、白玉楼
	2;1;1
	4;300
	5;0;4
	5;1;3
@106
	3;1;0;死者たちの住まう処よ
	2;1;2
	4;300
	5;0;4
	5;1;3
@107
	3;1;0;生きた人間の常識で物を考えると
@108
	3;1;1;痛い目にあうわ
	2;1;1
	4;300
	5;0;3
	5;1;4
@109
	3;0;0;死人に口無し
	2;0;0
	4;300
	5;0;3
	5;1;4
@110
	3;0;0;大人しく春を返してもらおうかしら
	2;0;1
	4;300
@111
	5;0;4
	5;1;3
	3;1;0;あと少しなのよ
	2;1;1
	4;300
@112
	5;0;3
	5;1;4
	3;0;0;少しでもダメ
	2;0;1
	4;300
@113
	5;0;4
	5;1;3
	3;1;0;あと少しで西行妖（さいぎょうあやかし）
	3;1;1;が満開になる
	2;1;1
	4;300
@114
	5;0;4
	5;1;3
	3;1;0;普通の春じゃ絶対に満開にはならないのよ
	2;1;1
	4;300
@115
	5;0;3
	5;1;4
	3;0;0;ダメだってば
	2;0;0
	4;300
@116
	5;0;4
	5;1;3
	3;1;0;あなたの持っているなけなしの春で
	3;1;1;西行妖もきっと満開になる
	2;1;2
	4;300
@117
	5;0;3
	5;1;4
	3;0;0;話聞いてる？
	2;0;8
	4;300
@118
	5;0;3
	5;1;4
	3;0;0;そんなもんの為に、私は寒い思いを
	3;0;1;してきたのよ
	2;0;8
	4;300
@119
	5;0;4
	5;1;3
	3;1;0;ここは暖かいでしょ？
	2;1;2
	4;300
@120
	5;0;3
	5;1;4
	3;0;0;まぁいいわ
	2;0;0
	4;300
@121
	5;0;3
	5;1;4
	3;0;0;死人に口無しよ
	2;0;1
	4;300
@122
	5;0;4
	5;1;3
	3;1;0;死人に口無しだわ
	2;1;1
	4;300
@123
	5;0;4
	5;1;3
	3;1;0;その春を全て戴くまでよ
	2;1;2
	4;300
@124
	5;0;3
	5;1;4
	3;0;0;この私のナイフは、幽霊も斬れるのか？
	2;0;0
	4;300
@125
	5;0;4
	5;1;3
	3;1;0;妖怪が鍛えたこの楼観剣に
	2;1;0
	7;1
	4;300
@126
	5;0;4
	5;1;3
	3;1;0;斬れぬものなど、少ししか無い！
	2;1;0
	4;300
	5;0;5
	5;1;5
	13;0
@156
	0
	13;1
@0
	0
entry 21
@0
	1;0;0
	2;0;0
	5;0;1
	1;1;0
	2;1;3
	5;1;1
@60
	5;0;3
	5;1;4
	3;0;0;良かった幽霊も斬れるみたいね
	2;0;1
	4;300
@120
	5;0;3
	5;1;4
	3;0;0;銀だから？
	2;0;1
	4;300
@121
	5;0;4
	5;1;3
	3;1;0;私は半分は幽霊ではないわ
	4;300
@122
	5;0;4
	5;1;3
	3;1;0;でも、西行寺お嬢様は完全な霊体
	4;300
@123
	5;0;4
	5;1;3
	3;1;0;そんな陳腐な武器で勝負に
	3;1;1;なるのかしら？
	4;300
@124
	5;0;3
	5;1;4
	3;0;0;って、なんでそのお嬢様と闘う事で
	3;0;1;話が進んでるのよ
	2;0;9
	4;300
	13;0
@184
	9;0
	12
@244
	4;1200
	11
	10
@0
	0
entry 2
@0
	13;0
	1;1;0
	2;1;0
	5;1;1
@40
	3;1;0;あなた、人間ね
@120
	3;1;0;ちょうどいい
@210
	3;1;0;あなたの持ってるなけなしの春を
@300
	3;1;0;すべて頂くわ！
@400
	5;0;5
	5;1;5
@430
	0
	13;1
@0
	0
entry 12
@0
	13;0
	1;1;0
	2;1;0
	5;1;1
@40
	3;1;0;あなた、人間ね
@120
	3;1;0;ちょうどいい
@210
	3;1;0;あなたの持ってるなけなしの春を
@300
	3;1;0;すべて頂くわ！
@400
	5;0;5
	5;1;5
@430
	0
	13;1
@0
	0
entry 22
@0
	13;0
	1;1;0
	2;1;0
	5;1;1
@40
	3;1;0;あなた、人間ね
@120
	3;1;0;ちょうどいい
@210
	3;1;0;あなたの持ってるなけなしの春を
@300
	3;1;0;すべて頂くわ！
@400
	5;0;5
	5;1;5
@430
	0
	13;1
@0
	0
