entry 1,2,0,7,5,20000,100000,-1,-1,-1,-1,-1,-1
嫉妬爆発ですね！
想いが爆発するヒステリーなんて聞いた事がありません
もしかして心臓病の一種でしょうか……？
 
 
 
entry 98,1,1,0,0,0,0,-1,-1,-1,-1,-1,-1
私のカメラが火を噴くわ！
 
 
 
 
 
entry 4,1,1,7,5,50000,150000,-1,-1,-1,-1,-1,-1
あー、舟幽霊が底のない柄杓を持ってるよー？
柄杓で船に水を入れる幽霊じゃなかったっけ？
底がないんじゃ、水を入れられないじゃん
 
 
 
entry 10,0,1,6,6,50000,270000,-1,-1,-1,-1,-1,-1
新しい山の神様だねー。天狗の力を利用しようってのが丸わか
りなんだよね。尤も、大天狗も信仰心を利用してやろうっての
が丸わかりで情けない。もっと心に遊びを持とうよ
 
 
 
entry 1,2,1,1,5,20000,90000,-1,-1,-1,-1,-1,-1
わお、何に対して嫉妬してるんだろ？
これは僅かに事件性を感じるわ
すっぱ抜きのチャンス？　怨恨殺人燃えるわー
 
 
 
entry 7,5,0,0,5,50000,200000,16,8,-1,-1,-1,-1
お空さんの写真はもう諦めました
ですので、新聞には真っ白の写真を載せて
「これが霊烏路空だ」と書こうと思います
くう
 
 
entry 9,2,0,0,7,50000,200000,-1,-1,-1,-1,-1,-1
まず避難経路を確認してから弾幕ごっこをしましょう
弾幕が起きてからでは遅いのです
「退かない抱えない絶望しない」が鉄則です、とか
 
 
 
entry 7,5,1,6,5,50000,320000,-1,-1,-1,-1,-1,-1
やばい暑さだわー
温泉沸かすのも大変なのねー
これからはじっくりと入らないとね。お酒でも持ち込んで
 
 
 
entry 11,5,0,6,6,50000,200000,-1,-1,-1,-1,-1,-1
厠から手を出してくると噂の花子さんです
そんな不浄の所に住み着かなくても良いのにねぇ
流石にそんな品のないネタは私の新聞には書けないかなぁ
 
 
 
entry 2,7,0,0,5,40000,150000,-1,-1,-1,-1,-1,-1
雨の日に里の空を飛ぶと傘を持っている人が大勢歩いています
アレってちょっと無防備ですよね
空から何が襲いかかって来るか判らないですしー、巫女とか
 
 
 
entry 9,2,1,2,7,50000,200000,-1,-1,-1,-1,-1,-1
わお！　天から漬け物石が降ってきたわー
ロマンチックねー
そして地上は漬物で満たされた、盛り合わせ素敵ー
 
 
 
entry 6,0,0,0,7,50000,320000,-1,-1,-1,-1,-1,-1
毘沙門天のフリをしている妖虎ですね
妖怪でも真面目にしていれば信仰されるという良い例ですね
天狗だって神様になった人もいますし
 
 
 
entry 13,2,0,6,5,50000,200000,-1,-1,-1,-1,-1,-1
あら、連写出来るのかしら
むむむ、羨ましくなんてないですけど
フィルム巻く時間が短いのねぇ、羨ましくなんてないですけど
 
 
 
entry 11,5,1,0,6,50000,320000,-1,-1,-1,-1,-1,-1
花子さん？　あー花子さんねー
この前ちょっと取材したんだけどシャイな霊だったね
少しお通じが悪くてトイレに籠もりがちなんだってさ
 
 
 
entry 3,1,0,0,5,50000,150000,-1,-1,-1,-1,-1,-1
山の見張り役、白狼天狗です
ちゃんと仕事しているのかちょっと調査してみました
どうも顔を合わせると喧嘩になりやすいんですけど……
 
 
 
entry 10,3,0,0,5,50000,250000,-1,-1,-1,-1,-1,-1
翡翠って叩き付けても砕けにくいです
普通の鉱石より硬度は低いけど粘り強さがあるからだそうです
つまり、投げつけて弾幕にするには最適って事ですね
 
 
 
entry 6,0,1,1,7,50000,300000,-1,-1,-1,-1,-1,-1
毘沙門天？　毘沙門天って虎だっけ？
なんか怪しい奴だなー
その化けの皮を剥がしてやるのも新聞記者の役目よね！
 
 
 
entry 13,2,1,5,5,50000,200000,-1,-1,-1,-1,-1,-1
このセリフはないよー
 
 
 
 
 
entry 4,4,0,1,6,50000,250000,-1,-1,-1,-1,-1,-1
出ました、入道の本体です！
入道が出ても見上げてはいけない、というのが鉄則ですが
私は新聞記者。この程度の圧力に屈する訳にはいきません！
 
 
 
entry 10,3,1,5,5,50000,250000,-1,-1,-1,-1,-1,-1
あれ？　投げつけているの翡翠だけかと思ったら……
良く見るとキツネ石も混ざってるよー
ケチったって、微妙に色が違うからバレバレだよねー
 
 
 
entry 1,5,0,6,4,30000,100000,-1,-1,-1,-1,-1,-1
おみくじ引いたら凶でした
やっぱり厄を貰って来ちゃったかなぁ
こういう時は大吉が出るまで引き続けるのが良いですね
 
 
 
entry 4,4,1,6,6,50000,150000,-1,-1,-1,-1,-1,-1
やっぱおっきいわー、私のカメラじゃ収まりきらないしー
あ、そう言えばパノラマとかなんかそういう機能があるって
河童が言ってたっけ？　それってどうやって使うのかな
 
 
 
entry 3,1,1,0,5,50000,150000,-1,-1,-1,-1,-1,-1
ああ、白狼天狗の椛ねー
文が苦手としているみたいだけど何かあったのかな
単純に犬猿の仲って事なのかな
 
 
 
entry 2,7,1,6,5,30000,100000,-1,-1,-1,-1,-1,-1
傘の付喪神が傘を無駄に投げつけてるね
付喪神の考えがよく判らないなー
大事に使って欲しいのか、それとも念を込めないで欲しいのか
 
 
 
entry 1,5,1,6,4,30000,100000,-1,-1,-1,-1,-1,-1
なーんだ、呪われた人形の噂はあんただったのか
丁度いいや、記事のネタが欲しかったから協力して
貰おうかなー。恐怖、呪われた雛人形ってね
 
 
 
entry 9,5,0,0,6,50000,200000,-1,-1,-1,-1,-1,-1
そういえば、最近鯛や平目を見ていないですね
昔は海にも良く行ったりしていたんですけどねぇ……
あんな血の気の薄い淡泊な味では満足できないですけど
 
 
 
entry 13,5,0,5,5,50000,200000,-1,-1,-1,-1,-1,-1
このセリフは出ません
 
 
 
 
 
entry 12,2,0,2,5,50000,200000,-1,-1,-1,-1,-1,-1
山の神の一柱です
昔みたいに山にも神様が住むようになってますます安泰です
天狗の技術も地位も外の世界並に上げて貰えないですかねぇ
 
 
 
entry 0,0,0,2,5,10000,100000,65,10,-1,-1,-1,-1
その辺を彷徨いていた豊穣の神様相手に
ちょっと写真の練習をしてみました
カメラの調子が悪くなったらまた練習しようかな
うろつ
 
 
entry 9,5,1,5,6,50000,320000,-1,-1,-1,-1,-1,-1
龍宮って何処にあるのかな
潜入取材を行えば購読者数一位も夢じゃない気がするけどー
でも、みんな罰が当たるのが怖くて読まないかもね
 
 
 
entry 6,3,0,2,5,50000,180000,-1,-1,-1,-1,-1,-1
ダウジングが出来ると言うので見せて貰いました
ダウジングって何だろうと思っていたら、地面に落ちている
古銭を掘り当ててくれました。凄いです！
 
 
 
entry 13,5,1,1,5,50000,320000,-1,-1,-1,-1,-1,-1
おっと、文の取材は強引だよねー
その強引さは少しは見習っても良いかもなー
取材を拒否するような所に事件は眠ってるもんだしねー
 
 
 
entry 12,2,1,5,5,50000,200000,-1,-1,-1,-1,-1,-1
山の新しい巫女だね。人間だけど神らしいね
神様と人間の違いって何なんだろうねー。肉の味？
まあどんな奴であろうと私のカメラからは逃れられないよ
 
 
 
entry 3,4,0,0,4,50000,350000,-1,-1,-1,-1,-1,-1
河童の豪快な水浴びの様子ですね
これはイジメなんじゃ無いかと思ってしまいますが違います
河童を見かけたら勢いよく水を吹きかけてあげましょう
 
 
 
entry 0,0,1,2,5,10000,80000,-1,-1,-1,-1,-1,-1
簡単、簡単
こんな写真は練習用だから後で捨てておこうっと
 
 
 
 
entry 10,6,0,2,5,50000,320000,2,12,-1,-1,-1,-1
御神渡りって湖上に出来る道ですね
私知ってるんです。あれって、湖上が凍った寒さが厳しい夜に
妖精達がセカセカ道を作ってるんですよね
おみわた
 
 
entry 8,0,0,6,8,50000,300000,-1,-1,-1,-1,-1,-1
心を読む嫌な奴です
私だって色々考え事してますから心を読まれると困るのです
口封じに記事に書ける写真を撮っておかないと
 
 
 
entry 5,1,0,6,5,50000,250000,-1,-1,-1,-1,-1,-1
伊吹の鬼です
地上に現れてから普段何処にいるのか不明なんですよね
いっそ適当な住まいをあてがえば大人しくしてくれるかなー
 
 
 
entry 4,7,0,2,4,50000,150000,-1,-1,-1,-1,208,8
浮かばれないですね！　水死体の幽霊って
こういった悲劇の影には計り知れないエネルギーを感じます
脳天気な記事ばかりなので、偶には惨憺たる記事も欲しいかも
 
 
たま
entry 3,4,1,0,4,50000,350000,-1,-1,-1,-1,-1,-1
服のまま水浴びして寒くないのかなぁ
両生類の気持ちは判らないや
山椒魚とかただの食料だしなぁ
 
 
 
entry 10,6,1,2,5,50000,320000,2,12,-1,-1,-1,-1
御神渡りが作られる瞬間を捉えたわ！
意外と猛スピードで出来るのねー
でも連続撮影か何かじゃないとこの速度は伝わらないかなぁ
おみわた
 
 
entry 8,0,1,0,8,50000,270000,-1,-1,-1,-1,-1,-1
サトリだってさ。昔は山にもよく居たんだけどねー
やっぱみんなに嫌われるからか、他人の心を見ちゃうと
疲れるのか地底に籠もっちゃったみたい
 
 
 
entry 6,3,1,7,5,50000,180000,-1,-1,-1,-1,-1,-1
え、すごーい！
ネズミは蒐集癖があると聞いてたけど、小銭を掘り当てる能力
を持っていたなんて、小動物の癖にやるじゃん
 
 
 
entry 5,1,1,1,5,50000,200000,-1,-1,-1,-1,-1,-1
鬼との接触は控えめに……って言われてるけど
こんなにネタがありそうな相手に出会って黙過は出来ないよ！
さあ、色々記事にするわよー
 
 
 
entry 4,7,1,0,4,50000,150000,-1,-1,-1,-1,-1,-1
いくら水兵さんのかっこしてても、やっぱり幽霊なんだねー
幽霊は写真に写りにくいの。世の中の心霊写真なんて大嘘よね
本物の幽霊はぶれて写りにくいしー
 
 
 
entry 13,8,0,2,10,50000,200000,-1,-1,-1,-1,-1,-1
このセリフは出ません
 
 
 
 
 
entry 12,5,0,5,4,50000,200000,-1,-1,-1,-1,-1,-1
おや、この力は蛙の神様の力ですね
彼女はまだ独り立ち出来ていないのでしょうか？
成長を連載記事にするのも面白いかも知れませんね。妄想で
 
 
 
entry 0,3,0,1,3,20000,120000,-1,-1,-1,-1,-1,-1
今年も過激な収穫祭の季節ね
何を収穫して何を祝ってるのかしら？
やっぱりアレかな？　人間なのかな？
 
 
 
entry 13,8,1,2,10,50000,320000,-1,-1,-1,-1,-1,-1
結局、取材合戦を諦めていつもの文に戻ったね
つまり負けを認めたって事で良いのかしら？
ふふふ、これで取材に自信が付いたわ！　いざ、行かん！
 
 
 
entry 7,0,0,5,7,50000,300000,-1,-1,-1,-1,-1,-1
死臭漂う猫です
写真では判りにくいですが、近くに居ると妖怪の私でも
相当不穏な空気を感じます。シッシッ
 
 
 
entry 6,6,0,6,6,50000,250000,-1,-1,-1,-1,-1,-1
あら、目が回ってるかも……黄金の輝きは妖怪を狂わしますね
信仰を集める者が派手な格好をしているのは目眩ましの効果を
狙って、という事なのでしょうか
 
 
 
entry 12,5,1,7,4,50000,320000,-1,-1,-1,-1,-1,-1
蛙が爆発して大量の蛙が生まれた！？　どういうこと？？？
蛙の子供はオタマジャクシじゃなかったの？
これが彼女の言う奇跡なのー？
 
 
 
entry 0,3,1,5,3,20000,100000,-1,-1,-1,-1,-1,-1
野蛮な祭って良いよね。やっぱさー、祭は野蛮に限るじゃん？
サンマは目黒不動みたいなー
大人しい祭じゃ記事は書けないもん
 
 
 
entry 8,3,0,5,9,50000,250000,-1,-1,-1,-1,-1,-1
人間はなんかうねうねに支配されているのだそうですよ
里の人間が浮き沈み激しいのはこのうねうねの所為なんで
しょうかね。でも何処に居るのでしょう？　うねうね
 
 
 
entry 7,0,1,7,7,50000,270000,-1,-1,-1,-1,-1,-1
猫？　随分とすばしっこいね
何だろう、ただの化猫って感じじゃないみたいだけどー
もうちょっと追跡調査が必要ね！
 
 
 
entry 6,6,1,7,6,50000,250000,-1,-1,146,12,-1,-1
何だー？　この不思議な力は
ただの妖獣にしては外連味溢れる技を使うのねぇ
人間が騙されやすいのはこういう力って事なのかな
 
けれんみ
 
entry 5,4,0,5,4,50000,300000,-1,-1,-1,-1,127,7
出ました。鬼のインチキな力です
何だか判らない不思議な力を使うんですよね
新聞記者足る者、怪力乱神を語らず。と言いたい所ですが……
 
 
かいりょくらんしん
entry 8,3,1,0,9,50000,250000,-1,-1,-1,-1,-1,-1
あれ？　私の楽しい心の中を読んでいないのかなぁ
というか、私の話も聞いてないみたいだしー
もしかしてボケているのかな。で、ＤＮＡって何？
 
 
 
entry 11,0,0,0,5,50000,300000,-1,-1,-1,-1,-1,-1
最近妖怪のお寺を建立した尼さんです
神社と違って妖怪でも人間でも受け入れるそうですが、受け入
れるってどういう事なんでしょうね。食材としてかしら？
 
 
 
entry 11,0,1,6,5,50000,270000,-1,-1,-1,-1,-1,-1
尼さんだってさー
尼さんって確か肉や魚、お酒とか駄目なんじゃ無かったっけ？
何が楽しくて生きてるのかなー
 
 
 
entry 5,4,1,6,4,50000,300000,-1,-1,-1,-1,-1,-1
何処から襲ってくるか判らない威圧感が怖いわー
こういう力には一気に懐に飛び込んだ方が良いのかもね
そうすれば力の流れが見やすいから
 
 
 
entry 2,2,0,7,4,70000,250000,65,10,-1,-1,-1,-1
おっと、釣瓶落としだわ
こう見えてもこの妖怪は凶暴なんですよね
暗がりでじっと人間が通るのを待ち続けている所は地味ですが
つるべ
 
 
entry 2,2,1,5,4,70000,200000,-1,-1,-1,-1,-1,-1
好きこのんでこんなちっちゃな桶に入ってるなんて
よっぽど自信がないんだろうなー
中身がどうなってるか激写してやるわ！
 
 
 
entry 12,8,0,2,10,50000,200000,-1,-1,-1,-1,-1,-1
あら、一人で妖怪退治の技が出来る様になっていたのですね？
妖力がガシガシ吸われます
これで山の神の威厳も保てますね。めでたしめでたし
 
 
 
entry 1,0,0,0,4,30000,120000,-1,-1,-1,-1,-1,-1
嫉妬狂いで有名なお方ですね
最近、このお方の嫉妬はパフォーマンスじゃないかと
思い始めています
 
 
 
entry 12,8,1,0,10,50000,320000,-1,-1,-1,-1,-1,-1
ああ、力が吸われるわー、妖怪対策の技かなー？
でもさー、妖力を吸うってちょっと妖怪じみてない？
良いんだけどさ。人間でも神様でもなくもっと悪い奴っぽい…
 
 
 
entry 1,0,1,5,4,30000,100000,-1,-1,-1,-1,-1,-1
あーやだねー、妬み嫉みで生きてる奴って気持ち悪くて
でもまあ、こういう奴のお陰で新聞記事が面白くなるんだよね
みんな見下せるから喜ばれるんだろなー
 
 
 
entry 8,6,0,0,3,50000,320000,-1,-1,-1,-1,-1,-1
うーん、何処かでこんな弾幕を見た気がしますが……
それにしても、彼女が居れば忘れた事も思いだせそうですね
サトリも使いようかも知れません
 
 
 
entry 9,0,0,5,5,50000,300000,-1,-1,-1,-1,-1,-1
世間知らずの天人です
天人とはいえ元々は人間なので妖怪とは相性が良くありません
その代わり、新聞記事との相性は抜群ですが
 
 
 
entry 7,3,0,6,5,50000,250000,-1,-1,-1,-1,-1,-1
熱いですね。それに逆光で良い写真が撮れません、河童に聞い
たら「逆光なら露出を調整すると良いよ」と言われましたが、
熱くてこの上にさらに服を羽織るのはちょっと……
 
 
 
entry 8,6,1,1,3,50000,320000,-1,-1,-1,-1,-1,-1
あれ？　この弾幕は文の新聞で見た事があるかも
地底のサトリにまで普及しているなんて羨ましいなぁ
『私の新聞の方が面白いよ！』さあ私の心を読んで！
 
 
 
entry 7,3,1,2,5,50000,250000,-1,-1,-1,-1,-1,-1
ちょこまか動く太陽ね！
このぐらい速く動けば一日が短くて楽しいかもねー
楽しい毎日が沢山味わえるよ！
 
 
 
entry 11,3,0,2,6,50000,250000,-1,-1,-1,-1,-1,-1
赤マントは人間の子供を攫う怪人として里で噂になっている
そうです。子供を攫うのは妖怪として当然の事ですが、最近は
キャッチアンドリリースが主流なんですよねー
 
 
 
entry 5,7,0,2,4,50000,220000,-1,-1,-1,-1,-1,-1
ついにキングオブ化け物の本性を激写しました！
細かい事は気にしない鬼の姿勢には脱帽です
でも、撮れた写真はピントが合わなくて何が何やら……
 
 
 
entry 2,5,0,6,4,30000,100000,-1,-1,-1,-1,-1,-1
かなり本気で襲いかかられました
記録の少ない妖怪なのでもっと事細かく取材したかったの
ですが、こんなに暴れられるとちょっとねぇ
 
 
 
entry 9,0,1,6,5,50000,270000,-1,-1,-1,-1,-1,-1
天人は余り天界から出てこないで欲しいなぁ
人間の中でも知的な罪人を地獄に、愚鈍な凡人を冥界に
極度な変わり者を天界に閉じ込めているんでしょ？　違うの？
 
 
 
entry 13,0,0,1,1,100,300000,-1,-1,-1,-1,-1,-1
あらら、宣戦布告されてしまいました
ま、ちょっと揉んでやればまた引き籠もりに戻るでしょう
世間の厳しさを教えないとね
 
 
 
entry 11,3,1,2,6,50000,250000,-1,-1,-1,-1,-1,-1
おっと、噂の怪人を発見したわー
トイレで「赤マントが欲しいか、それとも青マントか」と聞か
れたら「欲しいのはお前の命だ」と言い返せばすっきりするよ
 
 
 
entry 5,7,1,7,4,50000,200000,-1,-1,-1,-1,-1,-1
でかっ！　私のカメラには入りきらないわ
完璧な新聞記事の為には別のカメラを用意しないといけない
のかな。絵で誤魔化そうかな
 
 
 
entry 2,5,1,5,4,30000,100000,-1,-1,-1,-1,-1,-1
ああ、思ったよりすばしっこくて捕らえられないよ
こうなったら桶の中身は想像で記事にしてやるー
ヤドカリタイプなのかそれともカメタイプなのか……
 
 
 
entry 10,1,0,2,7,50000,250000,-1,-1,-1,-1,-1,-1
山の神社には色々神様が居るのです。それぞれ、蛇と蛙と人間
という組み合わせです。いつか蛙を呑み込んでいる蛇を人間が
捕まえている瞬間を撮りたいです
 
 
 
entry 98,2,0,6,0,0,0,-1,-1,-1,-1,-1,-1
うーん。枚数は十分撮れたんだけど……
レベルの低い写真ばかりね
もう一度撮りに行こうかしら？
 
 
 
entry 13,0,1,6,1,100,270000,-1,-1,-1,-1,-1,-1
このセリフはないよー
 
 
 
 
 
entry 4,2,0,2,5,50000,250000,193,10,-1,-1,-1,-1
あー、この大きな手は！　見越入道ですかね……
古典的な妖怪に出会うと仲間意識が目覚めます。幻想郷は
やっぱり私達の楽園ですよね。でも叩かれると痛いです……
みこし
 
 
entry 10,1,1,6,7,50000,200000,-1,-1,-1,-1,-1,-1
蛙の神様だそうで。実はこの神様の事よく判らないんだよねー
山の神社に住んでいるみたいだけど、神奈子さんとどういう
関係なのかなー。保存食？
 
 
 
entry 1,3,0,6,4,20000,80000,0,6,-1,-1,0,6
禊川は人間が穢れを流している川です
やっぱり川底には堆積しているんですねぇ、アレが
穢いなぁ
みそぎがわ
 
きたな
entry 98,2,1,6,0,0,0,-1,-1,-1,-1,-1,-1
しょうもない写真ばっかねー
もう一回撮りに行こうかしら？
 
 
 
 
entry 4,2,1,1,5,50000,150000,-1,-1,-1,-1,-1,-1
出ました！　入道のおっきな手
思ったよりスピードがあるなー　上手く撮影できたかな？
上手く撮れたら、入道の肩たたき、なんて記事でも書こうかな
 
 
 
entry 1,3,1,6,4,20000,80000,-1,-1,-1,-1,-1,-1
なんかさー、この流し雛、活きが良いんですけどー
もしかして川の流れが速いのかな
もっと大人しくしてくれないと写真に収めるのが大変だし
 
 
 
entry 7,6,0,0,7,50000,320000,-1,-1,-1,-1,-1,-1
シッシッ、行儀の悪い猫ね
猫避けに使えるアイテムとか無いのかなぁ
いやまあ普通の猫は良いんですけどね。この猫は縁起が悪いし
 
 
 
entry 11,6,0,2,7,50000,320000,-1,-1,-1,-1,-1,-1
あらら、私のカメラの力が効かないなんて！
人間上がりの癖にやりますね。うかうかしていられないわね
これで修行する口実が出来るわー。わくわく
 
 
 
entry 9,3,0,6,5,50000,250000,-1,-1,-1,-1,-1,-1
むむむ、私のカメラで撮っても効果的に弾幕が消せないわ
これが龍神様の力の一部なのね
そろそろカメラもパワーアップさせないとねぇ
 
 
 
entry 7,6,1,1,7,50000,320000,-1,-1,-1,-1,-1,-1
ランダムウォークって酔っ払った人の千鳥足の事でしょう？
猫にとってはマタタビでランダムウォークするのかな
その姿を恥じているんだったら、良いネタね！
 
 
 
entry 13,3,0,5,6,50000,250000,-1,-1,-1,-1,-1,-1
結局、私の撮影技術を怖れて念写を出してしまうのですか
折角自分の足で取材に出る決意をしたというのに
そんなんじゃ駄目ですよ、少し虐めすぎたかしら？
 
 
 
entry 11,6,1,1,7,50000,320000,-1,-1,-1,-1,-1,-1
この僧侶、出来る！
写真では伝わらないけど、私の力をねじ伏せる護法を用意して
たなんて……。まだまだ魔法の力を隠し持ってそうねー
 
 
 
entry 12,0,0,2,5,50000,300000,-1,-1,-1,-1,-1,-1
あら、いつもの巫女さんは新聞を取ってくれないのですか？
そんな貼り紙、私の前では当然無効です！
新聞の情報は生活に必要不可欠ですよ？
 
 
 
entry 9,3,1,0,5,50000,250000,-1,-1,-1,-1,-1,-1
龍宮の使いはちょっとだけなら龍神様の力も借りられるのかな
羨ましいなぁ
ペンは銃より強いけど龍には敵わないね
 
 
 
entry 6,1,0,6,7,50000,200000,-1,-1,-1,-1,-1,-1
鼠が出ました
鼠はちっちゃくてずる賢くて不衛生なんですよね
何か病気もってそうだし、ちゃんと駆除しないといけませんね
 
 
 
entry 13,3,1,2,6,50000,250000,-1,-1,-1,-1,-1,-1
このセリフはないよー
 
 
 
 
 
entry 12,0,1,6,5,10000,270000,-1,-1,-1,-1,-1,-1
新聞勧誘お断りします、だってぇ？　人間の癖に生意気な
そんな貼り紙意味ないこと知ってる癖にー
って、この貼り紙……お札になってる……
 
 
 
entry 4,5,0,0,5,50000,150000,-1,-1,-1,-1,-1,-1
こうやって船に水を入れるんですね
これは便利です
夏の暑い夕暮れとか、広い畑とかで役に立つと思います
 
 
 
entry 3,2,0,1,5,50000,270000,-1,-1,-1,-1,-1,-1
河童が水遊びをしているところを撮影しました
無邪気に遊んでいるように見えて、良く見ると人間が溺れて
いたりするんですよね。あー怖い
 
 
 
entry 10,4,0,6,7,50000,300000,-1,-1,272,8,-1,-1
この神様は私達天狗に変な祭を強要するんです
長い棒を崖から落として谷底の住人に穴居時代の生活を
強いるらしいんですが、何が楽しいんでしょうか
 
けっきょ
 
entry 6,1,1,0,7,50000,150000,-1,-1,-1,-1,-1,-1
野ネズミが家の中に集まるときは大雪になるんだっけ？
どうせ猫イラズで全滅するのにねー
人間が生態実験に使っても誰も同情しない動物だしー
 
 
 
entry 3,2,1,0,5,30000,150000,-1,-1,-1,-1,-1,-1
水中では河童に敵う者は殆ど無いのよねー
その傍若無人っぷりを記事にすれば河童の自由を奪えるかな？
ペンは水より強しってね
 
 
 
entry 10,4,1,1,7,50000,300000,-1,-1,-1,-1,-1,-1
へー、お祭りって良いね！
アレでしょ？　無礼講なんでしょ？　夢のぶれーこー
こういう時しか大天狗様の頭ど突けないしねー
 
 
 
entry 4,5,1,7,5,30000,150000,-1,-1,-1,-1,-1,-1
あれ？　水、汲めるんだ
あの柄杓には底がなかったのを確認したけどー
ふーむ。頑張れば何でも出来るって事かなー
 
 
 
entry 9,6,0,2,7,50000,320000,-1,-1,-1,-1,-1,-1
人間の気性がダダ洩れの瞬間を捉えました！
熱いかと思いきやそうでも無いんですね
その代わり人間の匂いと味が写真からペシペシ伝わってきます
 
 
 
entry 9,6,1,2,7,50000,320000,-1,-1,-1,-1,-1,-1
何これ。人間の憎悪や嫉妬、愛別離苦とか負の感情が渦巻く
気の塊だわ。これは新聞記事にもってこいね！
負じゃない感情も入ってるけど
 
 
 
entry 13,6,0,0,4,20000,320000,-1,-1,-1,-1,-1,-1
このセリフは出ません
 
 
 
 
 
entry 12,3,0,5,4,50000,250000,-1,-1,-1,-1,-1,-1
あら、撮影禁止専用の結界だなんて、随分と嫌われたものね
私以外の天狗の取材が荒い所為かしら？
今度そんな天狗を見つけたらきつく言わないとね
 
 
 
entry 0,1,0,0,3,40000,150000,-1,-1,-1,-1,-1,-1
練習相手にしていたら噛みつかれました
逆ギレですね
最近の神様はキレやすくて困ります
 
 
 
entry 10,7,0,5,5,50000,220000,-1,-1,-1,-1,-1,-1
ミシャグジ様って、豊穣の神様だったり祟り神だったり
よく判らない神様ですね
今回は戦の神様でしょうか？　他にも何かあるんでしょうか？
 
 
 
entry 8,1,0,2,5,50000,250000,-1,-1,-1,-1,-1,-1
こいしちゃんもサトリなんですよね
心は読めない見たいですけど、本当でしょうか？
心の読めないサトリなんてただの雑魚ですね
 
 
 
entry 6,4,0,0,6,50000,230000,2,12,-1,-1,-1,-1
曼荼羅を見せて貰いました
曼荼羅は別世界の地図の様な物だそうですが、随分と整った
世界の地図ですね。窮屈かも……
マンダラ
 
 
entry 13,6,1,5,4,20000,320000,-1,-1,-1,-1,-1,-1
いいなぁ文のカメラ、だいぶ離れた場所まで撮影できるのねー
何だろう、レンズの大きさの差かなぁ
ま、いざとなれば念写出来るから問題ないけどね
 
 
 
entry 12,3,1,2,4,50000,250000,-1,-1,-1,-1,-1,-1
何これ。がっちり新聞記者対策されてるじゃん
随分と嫌われてるのねー、文は
まあ、あいつの取材は強引だもんねー。私は紳士的なのにー
 
 
 
entry 3,5,0,1,5,50000,200000,-1,-1,-1,-1,-1,-1
身内ですが折角の取材なので、侵入者の追っ払い方を見せて
頂きました。小さい自分を大きく見せる技。流石ですね！
これからもずっと見張りをして頂きたいです
 
 
 
entry 0,1,1,1,3,40000,100000,-1,-1,-1,-1,-1,-1
今年は豊作ねー
投げつける程に米が余ってるなんて
これで山の動物も集まってくるだろうね
 
 
 
entry 10,7,1,7,5,50000,200000,-1,-1,-1,-1,-1,-1
え？　ち、違うよ？
私が爆発する何かをしたんじゃないよ？　ほんとだよ？
でも……何が爆発したのかなぁ
 
 
 
entry 6,4,1,5,6,50000,180000,-1,-1,-1,-1,-1,-1
おっと、慌てて神様のフリをし始めた様ね
まあ私は知ってるんだけどねー
こいつの正体はただの妖獣だって事をね
 
 
 
entry 5,2,0,1,5,50000,200000,-1,-1,32,8,-1,-1
鬼の不思議な力を激写しました
手を翳しただけでこんな熱が生まれるんですね
これなら人里の一つや二つ焼き尽くすのも一瞬でしょうね
 
かざ
 
entry 3,5,1,0,5,30000,150000,-1,-1,-1,-1,-1,-1
文は何か苦手みたいだけど、白狼天狗は眼が良いんだよねー
それに鼻も利くし、実は凄いんだ
まあ、そういう長所を記事に書いた方が良くない？　身内だし
 
 
 
entry 8,1,1,2,5,50000,200000,-1,-1,-1,-1,-1,-1
おっと二匹目のサトリね
私の楽しい心の中を読ませて喜んで貰おうっと
何を考えようかなー。やっぱ宴会の事とかかなー
 
 
 
entry 5,2,1,5,5,50000,200000,-1,-1,-1,-1,-1,-1
凄い高圧な螺旋ねー
この威圧感でグルグルされたら目を回さない訳に行かないねー
パワハラパワハラ
 
 
 
entry 2,0,0,0,4,50000,200000,-1,-1,335,6,-1,-1
土蜘蛛ですね
かなり器用で力持ちで、特に建築が得意でよく招請するのです
便利ですよね、こういう妖怪の知り合いが増えると
 
しょうせい
 
entry 12,6,0,0,5,50000,320000,-1,-1,-1,-1,-1,-1
人間の癖に平気な顔して瞬間移動するのですね
流石の私も瞬間移動の速度には負けてしまいます
本人は瞬間移動したことに気付いていないみたいですが……
 
 
 
entry 0,4,0,0,4,20000,120000,-1,-1,-1,-1,-1,-1
木枯らしが冷たいです。その木枯らしが落ち葉を巻き上げて
いる写真を撮ったのですが、ちょっとネタにならないかなぁ
まあ、風を吹かしているのも私なんですけど
 
 
 
entry 2,0,1,0,4,50000,150000,-1,-1,-1,-1,-1,-1
鬼の道具風情にネタがあるかなぁ
こいつは病気を持ってるから人間には嫌われてるしねぇ
は！　こいつと薬屋さんが手を組めばビジネスに？
 
 
 
entry 0,4,1,0,4,20000,120000,-1,-1,-1,-1,-1,-1
これはまた派手に落ち葉が舞ってるわー
桜は舞うときれいだけど、落ち葉は舞っても憂鬱な気分に
しかならないね。秋は切ないね
 
 
 
entry 7,1,0,6,5,50000,250000,-1,-1,-1,-1,-1,-1
核融合してくれる鴉を撮ったんですけどねぇ
殆ど逆光で真っ白な写真ばかりになってしまいました
太陽を上手く撮る為にはどうすれば良いのでしょうか？
 
 
 
entry 12,6,1,1,5,50000,320000,-1,-1,-1,-1,-1,-1
人間らしく癇癪起こしたり妖怪みたいに力を使ったり
ほんと、不思議な巫女ねー
文が気に入っていつも記事にしている理由がわかるわー
 
 
 
entry 8,4,0,6,4,50000,300000,-1,-1,-1,-1,-1,-1
写真を撮ろうとしたら心を読んで逃げるのです
だからサトリは嫌なんですよね
こうなったら盗撮しかないじゃないですか
 
 
 
entry 7,1,1,1,5,50000,200000,-1,-1,-1,-1,-1,-1
ああ、これが噂の第二の太陽ねー。温泉が湧く事で有名な
核融合って、仕組みは判らないけど何か凄いらしいんだよね
外の世界でも実現不可能な力らしいねー
 
 
 
entry 5,5,0,5,5,50000,200000,-1,-1,-1,-1,-1,-1
鬼ともなると吐息一つでも豪快なものです
写真を見ると殆ど真っ白で何が何やら判りませんね
何といっても酒臭いですし
 
 
 
entry 8,4,1,6,4,50000,300000,-1,-1,-1,-1,-1,-1
うーん、何も考えないで撮れば気付かれずに撮影できるかなー
と思ったけど、何も考えないって難しいわー
それにしてもサトリの癖にすばしっこいねー
 
 
 
entry 11,1,0,6,4,50000,250000,0,8,-1,-1,-1,-1
鵺です。何だか判らない物を表現するときに鵺的表現と呼ぶ
様に、鵺は何だか判りません
紫鏡も何だか判りません。これでどうやって記事を書けば……
ぬえ
 
 
entry 5,5,1,0,5,50000,320000,-1,-1,-1,-1,-1,-1
光る吐息って寒い日みたいだけど、鬼の息はものすんごく熱い
のよねー
お酒で体の中が灼けてるのかも知れないね
 
 
 
entry 2,3,0,0,5,30000,150000,-1,-1,-1,-1,-1,-1
頑丈な糸射出の瞬間の撮影に成功しました。細いですが建築物
にも使われている糸なのです。特殊な条件下で切れるらしいん
ですが、どういう条件なのでしょう
 
 
 
entry 11,1,1,7,4,50000,200000,-1,-1,-1,-1,-1,-1
鵺を激写したよー！　ってこの写真に写っているのが鵺？
鵺って猿か虎みたいな奴じゃなかったっけ？
うーん、ま、人違いでもいいか。記事に書いちゃえー
 
 
 
entry 4,0,0,0,5,50000,250000,-1,-1,-1,-1,-1,-1
あれ？　余り見かけない妖怪ですね……
尼さんみたいですけど、里に出来たお寺の僧侶でしょうか？
ちょっと追跡取材してみたいと思います
 
 
 
entry 2,3,1,5,5,30000,100000,-1,-1,-1,-1,-1,-1
蜘蛛の糸って横糸はベタベタするけど、縦糸はそうじゃないん
だよねー
ベタベタ成分の節約の為なのかな
 
 
 
entry 98,0,0,6,0,0,0,-1,-1,-1,-1,-1,-1
ここは面白い事が起きないオーラを出しているわ
つまらない場所には用はないわね
 
 
 
 
entry 4,0,1,2,5,50000,150000,-1,-1,-1,-1,-1,-1
あ、入道屋さんだー
人間の子供の間で噂になっているんだってね
おっきな親父を操る妖怪って
 
 
 
entry 1,1,0,1,4,30000,100000,-1,-1,-1,-1,1,10
新聞記者は人の闇に触れる事もあります
忌み嫌われた流し雛もその一つです
筆禍を恐れず挑んで見たいと思います！
 
 
ひっか
entry 98,0,1,6,0,0,0,-1,-1,-1,-1,-1,-1
こんな所に行って何かあるの？
それよりもっと面白そうな所に行きましょ
 
 
 
 
entry 7,4,0,2,7,50000,300000,-1,-1,-1,-1,-1,-1
賑やかですねー、やっぱり田舎とは比べものになりませんね
死体の賑やかさも、生者の量に比例するはずですもんね
まあ、ゾンビごっこですけど
 
 
 
entry 1,1,1,6,4,30000,80000,-1,-1,-1,-1,-1,-1
流し雛は触れちゃいけないんじゃないかなー
色んな厄を貯め込んでいる訳だしー
はっきり言ってえんがちょだしー
 
 
 
entry 8,7,0,1,5,50000,220000,-1,-1,-1,-1,-1,-1
刺々しい弾幕です。心の奥底は誰しも刺々しい物だそうです
そりゃそうですよね。私も刺々しいですよ。この写真でネタが
書けなければ殴り込みに行こうかと思っています
 
 
 
entry 11,4,0,0,7,50000,300000,48,8,-1,-1,-1,-1
へー、本地垂迹って言うんですね。神様のコスプレを
大日如来の格好をした天照大御神を見たのはそういう理由でし
たか。お寺の事よく知らないので助かります
ほんじすいじゃく
 
 
entry 8,7,1,7,5,50000,200000,-1,-1,-1,-1,-1,-1
薔薇の地獄だってさ。高貴なんだか下品なんだか判らないね
薔薇って匂いがきついけど鼻炎の人には効果が薄そうかな
そんな地獄で人呼べるのかなぁ
 
 
 
entry 9,1,0,2,5,50000,250000,-1,-1,-1,-1,-1,-1
雲海を泳ぐ龍宮の使いですね
地震の宏観前兆を敏感に察知してみんなに警告してくれます
最近は地震予報だけでなく天気予報もしてくれるそうですよ
 
 
 
entry 7,4,1,6,7,50000,300000,-1,-1,304,8,-1,-1
うへぇ、死体だらけだー
写真を撮っても撃退できない死体だなんて質が悪いねー
これが目的で死体集めしているのかなー　質悪！
 
タチ
 
entry 13,1,0,0,5,50000,250000,-1,-1,-1,-1,-1,-1
カメラの性能が酷いわねぇ
そんなちゃちなカメラでは里の人間に笑われてしまいますよ
河童の仕事もいい加減ねぇ
 
 
 
entry 11,4,1,1,7,50000,300000,-1,-1,-1,-1,-1,-1
なんか判らないけど眩しいわー
この神々しさは太陽の波長と同じねー
つまり写真を撮ると逆光になってしまう。敵よ！
 
 
 
entry 2,6,0,0,3,30000,150000,1,10,-1,-1,-1,-1
樺黄小町、この国に棲む数少ない猛毒グモですね
母親が我が身を子に喰わせて育てるという変グモですが…
そんな真面目な記事、誰も読みたがらないですよね
カバキコマチ
 
 
entry 9,1,1,7,5,50000,200000,-1,-1,-1,-1,-1,-1
珍しい妖怪だー、龍宮の使いかー
普段は余り人前には姿を現さないんだけどね
これはスクープの予感がするわ！　どんな味がするのかしら？
 
 
 
entry 98,3,0,6,0,0,0,-1,-1,-1,-1,-1,-1
撮れた事は撮れたけどねぇ
もう少し纏まった枚数の写真が無いと記事には出来ないわ
 
 
 
 
entry 13,1,1,7,5,50000,200000,-1,-1,-1,-1,-1,-1
このセリフはないよー
 
 
 
 
 
entry 4,3,0,7,5,50000,150000,-1,-1,-1,-1,-1,-1
錨って初めて見ましたが、随分と大きな釣り針なんですね
大きな魚が釣れるのかなと思いましたが、実は魚を釣る為の物
じゃ無いらしいです。実際は大地を釣る物ですって
 
 
 
entry 3,0,0,1,4,50000,250000,-1,-1,-1,-1,-1,-1
河原で遊んでいた河童を激写しました
ネタを探しに行くのが面倒なときは、こうやって近場で取材を
済ますのが楽で良いですね
 
 
 
entry 2,6,1,6,3,30000,100000,-1,-1,-1,-1,-1,-1
蜘蛛の大群、キモーい！
蜘蛛って何でこんなに足や眼が多いの？
オシャレなのかねぇ。蜘蛛業界での
 
 
 
entry 10,2,0,0,4,50000,200000,-1,-1,-1,-1,0,9
お腹を空かした蛇ですね
蛇って意外と素早いんですね
山楝蛇か何かっぽいし、捕まえて今夜の肴にしようかなー
 
 
ヤマカガシ
entry 98,3,1,6,0,0,0,-1,-1,-1,-1,-1,-1
ちょっと枚数が足りないね
これじゃあ記事は書けないよ
 
 
 
 
entry 4,3,1,0,5,50000,150000,-1,-1,-1,-1,-1,-1
こんな大きな錨をぶつけて船を撃沈させるって訳ね
ふーん、船の沈め方が変わったって事かー
柄杓に底がなかったのも納得出来るわ
 
 
 
entry 3,0,1,2,4,50000,150000,-1,-1,-1,-1,-1,-1
私のカメラを作ったのは河童の皆さんなのよねー
河童は愛想が悪いけど、技術力は高いわ
それに河童の作る機械は、完全防水な所が素晴らしい！
 
 
 
entry 10,2,1,2,4,50000,200000,-1,-1,-1,-1,-1,-1
蛇だー
蛇の抜け殻を財布に入れておくとお金が増えるんだってさ
捕まえたら生皮剥いでみようっと
 
 
 
entry 1,4,0,2,4,50000,180000,-1,-1,-1,-1,-1,-1
あら、嫉妬の炎もこの位派手ならたまには嫉妬するのも
悪くないかも知れません
でも、どうすれば嫉妬できるのでしょうか
 
 
 
entry 7,7,0,0,5,50000,220000,0,8,-1,-1,-1,-1
北斗七星？　ああ、天龍の事ですね
龍が騒ぎ出したらこんな程度じゃ済まされないでしょうけど
でも、七星の背中についている小さい星は一体？
セプテントリオン
 
 
entry 1,4,1,2,4,50000,150000,-1,-1,-1,-1,-1,-1
人間って、恨みもつのると家に火を付けたりするんだってね
やっぱさー、精神的に未熟な奴に道具を与えちゃ駄目だよ
道具が便利であればあるほど逆効果だもん
 
 
 
entry 9,4,0,0,7,50000,300000,-1,-1,-1,-1,-1,-1
非常識な要石の使い方ですね
要石ってナマズ鎮護の為にあるんじゃなかったの？
投げたり、空中に浮かべて足場にしたりする物では無い気が
 
 
 
entry 7,7,1,7,5,50000,200000,-1,-1,-1,-1,-1,-1
北斗七星かなー？　あれって巨人の柄杓なんでしょ？
あの柄杓がひっくり返った時、大量の流星が降り注ぐんだって
そんな感じに纏めて記事を書こうかなー
 
 
 
entry 11,7,0,1,10,50000,220000,-1,-1,-1,-1,-1,-1
何だか判りませんが鵺的弾幕が空から降ってきましたよ
これは遊星より遊びを提供してくれたって事かしら？
私もこれに応えて楽しく記事を書かないといけませんね！
 
 
 
entry 9,4,1,1,7,50000,300000,-1,-1,-1,-1,-1,-1
今、漬け物石が熱い！　温度的に！
もしかしたら温めると早く漬かるのかもねー
取材ついでに漬け物石をおみやげに持って帰ろうっと
 
 
 
entry 6,2,0,1,5,50000,200000,-1,-1,-1,-1,-1,-1
お腹空かした妖虎です。野性味溢れる瞬間を捕らえました
やっぱり動物は動物かなー
スピードで天狗に勝負かけたのは馬鹿でしたね
 
 
 
entry 13,4,0,5,1,100,300000,-1,-1,-1,-1,-1,-1
このセリフは出ません
 
 
 
 
 
entry 11,7,1,2,10,50000,200000,-1,-1,-1,-1,-1,-1
丸に四角に三角に……。何だか判らないけど気分的に明るく
なる弾幕ねー。まだまだこの世界は謎に満ちているわ！
これからも楽しい遊びが出来る場を求めて取材しようっと
 
 
 
entry 12,1,0,6,5,50000,250000,-1,-1,-1,-1,-1,-1
森に住む泥棒兼魔法使いの人間です。放って置くと山に忍び込
んでたりする困った人間です。何度注意しても聞く耳持たない
んですよねぇ。いつか死ぬ目に遭うかもしれないのに
 
 
 
entry 10,5,0,0,6,50000,200000,113,10,-1,-1,-1,-1
ここだけの話、鉄輪って彼女が投げてくる様な鉄の輪じゃ
なくて、もっと細長い別の形をした物だそうですよ
本物は隠しているんですね。今度潜入調査してみます
かなわ
 
 
entry 6,2,1,2,5,50000,200000,-1,-1,-1,-1,-1,-1
「天狗は見た！お腹を空かした毘沙門天の本性」とか良いかも
でも、この写真だけじゃあ何か物足りないかな？
あ、ネズミか何かでも餌に差し出せば良い写真が撮れるかも！
 
 
 
entry 13,4,1,0,1,100,300000,-1,-1,-1,-1,-1,-1
だいぶ追い詰めたわー
文も話しかけてくるなんて焦ってきてるんじゃない？
ここで文を叩きのめして、私も下界に取材に出かけようっと
 
 
 
entry 12,1,1,7,5,50000,200000,-1,-1,-1,-1,-1,-1
あーこの人間、山で良く見る奴だー
いつも文が匿ってるみたいだけどみんな気付いているんだよね
まあここまで成長した人間じゃあ、攫う意味も無いしー
 
 
 
entry 3,3,0,6,5,50000,180000,-1,-1,-1,-1,-1,-1
案の定、噛みつかれました
こいつは大天狗様には従順な癖に、私達鴉天狗を見下している
節があるんですよねぇ。ぷんぷん
 
 
 
entry 10,5,1,0,6,50000,320000,-1,-1,-1,-1,-1,-1
鉄の輪っかねー。切れ味が鋭くて怖いね
これって嫌な奴に投げつける以外の用途ってあるの？
この道具の存在意義がいまいち判らないんだけどー
 
 
 
entry 5,0,0,0,5,50000,300000,-1,-1,-1,-1,-1,-1
地底の鬼ですね
鬼の皆さんは地底世界に隠居なされたので、その間妖怪の山は
私達天狗が預かる事になったのです。いやほんと
 
 
 
entry 4,6,0,6,4,50000,250000,-1,-1,-1,-1,-1,-1
見越入道を見上げていたら、やっぱり攻撃されましたねー
入道を見上げてはいけないってのが鉄則ですから
それが鉄則の理由は、実は入道さんはシャイなんです
 
 
 
entry 3,3,1,0,5,50000,150000,-1,-1,-1,-1,-1,-1
人間が進入してきたら、こうやって噛みついて追っ払うのかー
しかも恐水病のおまけ付きと、この辺り水だらけだからねぇ
河童と相性良い理由がわかるよ
 
 
 
entry 5,0,1,7,5,50000,270000,-1,-1,-1,-1,-1,-1
おっと、鬼に出会っちゃった
大天狗様に鬼との過度な接触は控えろって言われてるけど
悪事の隠蔽が目的なのかな？　それとも癒着の阻止？
 
 
 
entry 4,6,1,2,4,50000,150000,-1,-1,-1,-1,-1,-1
入道って大きく見せているけど、本当の本体は小さいんだよね
その正体は秘密らしいけどー、探してやろうかなー
ところで、にょき、って何？
 
 
 
entry 9,7,0,6,5,50000,220000,-1,-1,-1,-1,-1,-1
龍宮の使いって雷雲の中に棲んでいるから、体が帯電している
のかも知れないですね
私も気になるのです。彼女に会うとバチバチいうので
 
 
 
entry 12,4,0,5,5,50000,300000,-1,-1,-1,-1,-1,-1
彼女のお得意の弾幕です
ってそんなんじゃ面白い記事が書けないわ
もっと彼女らしく生き生きと泥棒している姿が見たいです
 
 
 
entry 0,2,0,0,3,20000,80000,-1,-1,-1,-1,-1,-1
木を揺らすと落ち葉が舞います
この落葉の神様はこうやって木に暴力的に当ることで
木を丸裸にするのですね
 
 
 
entry 9,7,1,5,5,50000,200000,-1,-1,-1,-1,-1,-1
雲を泳げるのは羨ましいなぁ
川に行ったって河童が邪魔だし湖は血の臭いが薄いし……
もう一度大きな海が見たいわぁ
 
 
 
entry 13,7,0,2,6,20000,220000,-1,-1,-1,-1,-1,-1
このセリフは出ません
 
 
 
 
 
entry 12,4,1,0,5,50000,300000,-1,-1,-1,-1,-1,-1
へー、随分と地味な弾幕ねー
噂ではもっと派手な奴って聞いていたけど
生活が派手なのかなぁ、家は貧乏臭かったけど
 
 
 
entry 3,6,0,5,5,50000,200000,-1,-1,-1,-1,-1,-1
あの鼻が曲がりそうな程臭い尻子玉も、乾燥させればそんなに
酷くないですね。それにしてもこれだけの数の尻子玉……
何人の人間が犠牲になったのでしょう。興味が尽きないです
 
 
 
entry 0,2,1,0,3,20000,70000,-1,-1,-1,-1,48,8
木に重い一撃与えて木の葉隠れだってさ
それってアレでしょ？よく胴着を着た人間が木を殴ってる奴
つまり鬱憤晴らしね
 
 
うっぷん
entry 6,5,0,2,7,100000,500000,-1,-1,-1,-1,-1,-1
古銭を掘り当てたことを褒めたら今度は金を掘り当てて
くれました！　ネズミの認識も改めないといけませんね
次はネタを掘り当てて頂きたいです！
 
 
 
entry 13,7,1,6,6,20000,200000,-1,-1,-1,-1,-1,-1
おおっとこれが文の取材の真価ね、文字通りの体当たり取材
私はここまでの強引さを持っていないからなー
少しくらい傲慢な性格の方が取材に向いてるのかもねー
 
 
 
entry 5,3,0,2,4,50000,250000,-1,-1,-1,-1,-1,-1
小鬼がワラワラと湧いてました
この小さな鬼も全部自分の手足のように動かせるのかなぁ
一つ一つ潰してみたらどの位痛みを感じるのかなぁ
 
 
 
entry 8,2,0,0,6,50000,200000,-1,-1,-1,-1,-1,-1
心の奥底に少しでも恐怖の記憶があると、それがトラウマと
なって行動が制限されてしまうらしいのです
いつ爆発するのか怖いですもんね
 
 
 
entry 6,5,1,7,7,100000,500000,-1,-1,-1,-1,-1,-1
え？　マジで？　小銭どころか金塊まで掘り当てちゃうの？
ちょっと目を疑っちゃったわ
うーん。記事にしないで飼い慣らした方が得……
 
 
 
entry 5,3,1,0,4,50000,250000,64,8,-1,-1,-1,-1
あれ？　毟った髪の毛が小鬼の姿になってる訳じゃないのね
髪の毛だったら十万匹くらいで打ち止めかなーと思ってたけど
普通に息から涌いてるみたい。これじゃあ無尽蔵ねー
むし
 
 
entry 3,6,1,0,5,50000,150000,-1,-1,-1,-1,-1,-1
うわ、尻子玉だー、これくっさいんだよねー
実はグルメなのかな。こんな珍味を好んで食べるなんて
そんなホルモンより肉の方がずっと美味しいと思うんだけど
 
 
 
entry 8,2,1,0,6,50000,200000,-1,-1,-1,-1,-1,-1
攻撃的なサトリだなぁ
もっと受け身な妖怪かと思ってたけど
何を爆発させてるのかしら？　みんなの不満とか？
 
 
 
entry 2,1,0,6,4,30000,130000,-1,-1,-1,-1,-1,-1
随分とださい傘を振り回していますね
何か楽しいことがあったのでしょうか？
最近の若い唐傘お化けの考えている事は判らないですねぇ
 
 
 
entry 2,1,1,5,4,30000,100000,-1,-1,80,9,-1,-1
唐傘お化けかー
そういや、付喪神って余り見かけなくなった気がするなー
何でだろ、一つの道具を長く使わないからかなぁ
 
つくもがみ
 
entry 12,7,0,2,4,50000,220000,-1,-1,-1,-1,-1,-1
そうそう、彼女の記事を書くのならこれですよね
「光るひったくりに気を付けよう！」
やっぱり生き生きとした泥棒は魅力的です
 
 
 
entry 0,5,0,2,4,50000,150000,-1,-1,-1,-1,0,9
あ、神様も兼ねている焼き芋屋さんだ
やっぱり秋と言ったら焼き芋ですよね
野国総管は偉大よねぇ
 
 
のぐにそうかん
entry 7,2,0,1,5,50000,200000,-1,-1,-1,-1,-1,-1
猫が死体を飛び越えると死者が復活するんですよね
何でって言われても困りますが
まあ、この妖精達はゾンビごっこをしているだけですけど
 
 
 
entry 12,7,1,2,4,50000,200000,-1,-1,-1,-1,-1,-1
挑発したら見せてくれたわー。とびっきり派手な弾幕
でもこれって新聞にしても何が何やら判らないんじゃない？
スピードが感じられる写真ってどうやって撮ればいいのかな
 
 
 
entry 0,5,1,1,4,40000,110000,-1,-1,-1,-1,-1,-1
あまーい
この甘い匂いはずるいわー。仕事する気が失せるもん
今日は焼き芋をざっくり貰って帰ろっと
 
 
 
entry 8,5,0,2,10,50000,200000,-1,-1,-1,-1,-1,-1
人間の胎児は母親のお腹に居るときに夢を見るんですって
これはスクープです！
夢の内容は……微生物とか魚とか恐竜とか……ですって？
 
 
 
entry 7,2,1,0,5,50000,200000,-1,-1,-1,-1,0,9
ああ、ただの化猫じゃ無いと思ったけど火車だったのかー
死体集めが趣味みたいだけど、何が楽しいのかな
蒐集家は偏屈なのが多いからねぇ
 
 
コレクター
entry 11,2,0,2,5,50000,200000,-1,-1,-1,-1,-1,-1
僧侶の行脚の様子を密着取材しました
人間だった事、魔界に封印されていた時の事など、判りやすく
話していました。こうやって人間や妖怪は騙されるのですね
 
 
 
entry 5,6,0,1,5,50000,320000,-1,-1,-1,-1,-1,-1
大声大会の様子です。大声では鬼の右に出る者はいませんね
大声すぎて簡単に辺りの木々がなぎ倒されてしまいます
本当、歩くカタストロフィですね
 
 
 
entry 8,5,1,6,10,50000,320000,-1,-1,-1,-1,-1,-1
むむむー。これは夢か幻かー
世にも不思議な写真が撮れたけどー、太古の地球？
このサトリはどういう力を持っているんだろう
 
 
 
entry 11,2,1,6,5,50000,200000,-1,-1,-1,-1,-1,-1
僧侶の話は退屈だなぁ
もっとびゅーっとしてどっかーんなストーリーじゃないと
面白くないよ。あーあ、殺人まだー？　犯人はー？
 
 
 
entry 5,6,1,7,5,50000,320000,-1,-1,-1,-1,-1,-1
大きな声が聞こえたと思ったら大声大会やってたのねー
鬼が出てきちゃったら敵う奴なんて雷神様くらいじゃないかな
反則的よねぇ
 
 
 
entry 2,4,0,2,5,100000,270000,-1,-1,-1,-1,-1,-1
見事な虹が出ています！
虹って龍神様の一種らしいけど不思議な存在ですよね
綺麗に現像できるかな？
 
 
 
entry 98,1,0,0,0,0,0,-1,-1,-1,-1,-1,-1
この辺で面白い事が起きそうな予感がします
 
 
 
 
 
entry 4,1,0,1,5,50000,150000,-1,-1,-1,-1,-1,-1
舟幽霊ですね
幻想郷は船を使う機会が少ないので退屈そうです
三途の河にでも住めば沈ませ放題かも知れないですが
 
 
 
entry 2,4,1,7,5,100000,200000,-1,-1,-1,-1,-1,-1
虹だー！　虹の逃げる速さって凄いんだねー
足には自信が有ったんだけど、全然追いつけそうにないや
せめて写真には収めとこーっと
 
 
 
entry 10,0,0,5,6,50000,300000,-1,-1,-1,-1,-1,-1
最近、山の上に住み着いた神様ですね
天狗社会と平和条約を締約しているので手出しは出来ません
そういう触れられない所にスクープは眠っているのです
 
 
 
