entry 0
@0
	1;0;0
	2;0;0
	5;0;1
@60
	3;0;0;そろそろ、本命が出てきてもいい頃だわ
	4;400
@61
	3;0;0;こんなにも闇が深いし
	4;360
	1;1;0
	2;1;2
	5;0;4
	3;1;0;出てきましょうか？
	4;400
	6
@101
	5;0;4
	5;1;1
	5;1;3
@102
	3;1;0;ほら、出てきました
	2;1;2
	4;400
	5;0;3
	5;1;4
@103
	3;0;0;あ、丁度いいところに出てきた
	2;0;1
	4;400
	5;0;4
	5;1;3
@104
	3;1;0;あなたが、私の藍を倒した人間ね
	8;1;0;　　　神隠しの主犯　　　　
	8;1;1;八雲　紫（やくも　ゆかり）
	2;1;2
	4;400
	5;0;4
	5;1;3
@105
	3;1;0;あなたみたいな物騒な人間が居たら
	2;1;3
	4;400
	5;0;4
	5;1;3
@106
	3;1;0;おちおち寝ても居られないの
	2;1;2
	4;400
	5;0;3
	5;1;4
@107
	3;0;0;全然、起きてこなかったじゃない
	2;0;8
	4;400
@108
	5;0;4
	5;1;3
	3;1;0;今は起きているの
	2;1;3
	4;400
@109
	5;0;4
	5;1;3
	3;1;0;そんなことより、あなた・・・
	2;1;2
	4;400
@110
	5;0;3
	5;1;4
	3;0;0;はい？
	2;0;0
	4;400
@111
	5;0;4
	5;1;3
	3;1;0;博麗神社のおめでたい人じゃないかしら
	2;1;2
	4;400
@112
	5;0;3
	5;1;4
	3;0;0;前半はそうで、後半はそうじゃない
	2;0;9
	4;400
@113
	5;0;4
	5;1;3
	3;1;0;博麗の結界は、北東側が薄くなっているわ
	2;1;3
	4;400
@114
	5;0;4
	5;1;3
	3;1;0;あのままだと、破れてしまうかも知れない
	2;1;2
	4;400
@115
	5;0;3
	5;1;4
	3;0;0;あらそう、それは危険だわ
	3;0;1;わざわざ有難うございます
	2;0;0
	4;400
@116
	5;0;4
	5;1;3
	3;1;0;いえいえ、私が穴を空けてみただけです
	2;1;3
	4;400
@117
	5;0;3
	5;1;4
	3;0;0;って、引き直しておきなさい！
	2;0;8
	4;400
@118
	5;0;3
	5;1;4
	3;0;0;所詮、妖怪は妖怪
	2;0;0
	7;1
	4;400
@119
	5;0;3
	5;1;4
	3;0;0;妖怪の始末も後始末も、人間がやる
	3;0;1;ことになるのね
	2;0;1
	4;400
@120
	5;0;4
	5;1;3
	3;1;0;あら、あなたは気がついていない？
	2;1;2
	4;400
@121
	5;0;3
	5;1;4
	3;0;0;？
	2;0;0
	4;400
@122
	5;0;4
	5;1;3
	3;1;0;今、ここ白玉楼の私の周りは
	2;1;3
	4;400
@123
	5;0;4
	5;1;3
	3;1;0;妖怪と人間の境界が薄くなって
	3;1;1;いることに
	2;1;2
	4;400
@124
	5;0;4
	5;1;3
	3;1;0;ここまで来た時点で、人間の境界を
	3;1;1;越していることに
	2;1;3
	4;400
@125
	5;0;3
	5;1;4
	3;0;0;いいから、その境界も引き直して
	3;0;1;もらうわ
	2;0;1
	4;400
@126
	5;0;3
	5;1;4
	3;0;0;元々、目的はあんたに冥界の境界を
	3;0;1;引きなおさせること
	2;0;0
	4;400
@127
	5;0;3
	5;1;4
	3;0;0;そこに来て、一つや二つ結界が
	3;0;1;増えても変らないでしょ？
	2;0;1
	4;400
@128
	5;0;4
	5;1;3
	3;1;0;一つや二つ・・・
	2;1;3
	4;400
@129
	5;0;4
	5;1;3
	3;1;0;結界は、そんなに少ないと思って？
	2;1;2
	4;400
	5;0;5
	5;1;5
	13;0
@159
	0
	13;1
@0
	0
entry 1
@0
	1;0;0
	2;0;0
	5;0;1
	1;1;0
	2;1;4
	5;1;1
@60
	5;0;3
	5;1;4
	3;0;0;さーて、約束通り仕事して
	3;0;1;貰おうかしら
	2;0;2
	4;400
@61
	5;0;4
	5;1;3
	3;1;0;言われなくてもするつもりだったのに
	4;400
@62
	5;0;3
	5;1;4
	3;0;0;嘘ばっかり
	2;0;8
	4;400
@63
	5;0;3
	5;1;4
	3;0;0;何時まで経っても、起きてこなかった
	3;0;1;じゃない
	2;0;3
	4;400
@64
	5;0;4
	5;1;3
	3;1;0;それは、寝ていたからだわ
	4;400
@65
	5;0;3
	5;1;4
	3;0;0;それは当たり前
	2;0;0
	4;400
@66
	5;0;4
	5;1;3
	3;1;0;とにもかくにも、私がここにいる時点で
	4;400
@67
	5;0;4
	5;1;3
	3;1;0;ちゃんと仕事しようとしている
	3;1;1;証拠じゃない
	4;400
@68
	5;0;3
	5;1;4
	3;0;0;仕事をしようとしている、と
	3;0;1;仕事をしているは違う！
	2;0;8
	4;400
@69
	5;0;4
	5;1;3
	3;1;0;神社にまるで居ないあなたより
	4;400
@70
	5;0;4
	5;1;3
	3;1;0;よっぽど仕事していると思うけど
	4;400
@71
	5;0;3
	5;1;4
	3;0;0;私の仕事は妖魔調伏
	2;0;3
	4;400
@72
	5;0;3
	5;1;4
	3;0;0;残虐行為手当が欲しいくらいだわ
	2;0;1
	4;400
@73
	5;0;4
	5;1;3
	3;1;0;あら、もうそろそろ夜が明けるわ
	4;400
@74
	5;0;4
	5;1;3
	3;1;0;帰って寝ないと・・・
	4;400
@75
	5;0;3
	5;1;4
	3;0;0;全然、仕事してないし
	2;0;9
	4;400
@76
	5;0;3
	5;1;4
	3;0;0;あんた、一体何処に住んでるのよ
	2;0;0
	4;400
@77
	5;0;4
	5;1;3
	3;1;0;私もあなたと同じ
	4;400
@78
	5;0;4
	5;1;3
	3;1;0;幻想郷の境に住んでいるわ
	4;400
@79
	5;0;4
	5;1;3
	3;1;0;艮（うしとら）の境に
	4;400
@80
	5;0;3
	5;1;4
	3;0;0;まさに鬼門
	2;0;9
	4;400
@81
	5;0;3
	5;1;4
	3;0;0;勝手に結界に穴を空けたりしないでね
	2;0;1
	4;400
@82
	5;0;4
	5;1;3
	3;1;0;あら、闘う前に私が空けた、って
	3;1;1;いいませんでしたか？
	4;400
@83
	5;0;3
	5;1;4
	3;0;0;帰って寝てろ！
	2;0;8
	4;400
	13;0
@143
	9;0
	12
@203
	4;1200
	11
	10
@0
	0
entry 10
@0
	1;0;0
	2;0;0
	5;0;1
@60
	3;0;0;おかしい
	4;400
@61
	3;0;0;絶対におかしいぜ
	4;360
	1;1;0
	2;1;2
	5;0;4
	3;1;0;何がでしょうか？
	4;400
	6
@101
	5;0;4
	5;1;1
	5;1;3
@102
	3;1;0;今宵の月の色の事かしら？
@103
	3;1;1;それとも
	2;1;2
	4;400
	5;0;3
	5;1;4
@104
	3;0;0;月の明度だ
	2;0;1
	4;400
	5;0;3
	5;1;4
@105
	3;0;0;明るすぎないか？
	2;0;1
	4;400
	5;0;4
	5;1;3
@106
	3;1;0;月の光は、太陽の光の反射
	2;1;2
	4;400
	5;0;4
	5;1;3
@107
	3;1;0;夜と昼の境界を繋ぐ、唯一の鍵です
	2;1;3
	4;400
	5;0;3
	5;1;4
@108
	3;0;0;明るいのは、今が昼とも夜ともつかない
	3;0;1;状態だというのか？
	2;0;3
	4;400
@109
	5;0;4
	5;1;3
	3;1;0;ただ、ここが雲の上だからじゃないかしら
	2;1;2
	4;400
@110
	5;0;3
	5;1;4
	3;0;0;で、誰だ？
	2;0;0
	4;400
@111
	5;0;4
	5;1;3
	3;1;0;あなたの事は、藍から聞いたわ
	8;1;0;　　　神隠しの主犯　　　　
	8;1;1;八雲　紫（やくも　ゆかり）
	2;1;3
	4;400
@112
	5;0;3
	5;1;4
	3;0;0;狐の親分か
	2;0;1
	4;400
@113
	5;0;4
	5;1;3
	3;1;0;どうも、うちの藍が迷惑をかけたようで
	2;1;2
	4;400
@114
	5;0;3
	5;1;4
	3;0;0;私にというか、あの世の人にだが
	2;0;9
	4;400
@115
	5;0;4
	5;1;3
	3;1;0;私がもっと
	2;1;3
	4;400
@116
	5;0;4
	5;1;3
	3;1;0;暴れてみてもいいんですが
	2;1;2
	4;400
@117
	5;0;3
	5;1;4
	3;0;0;迷惑の親分か
	2;0;0
	4;400
@118
	5;0;4
	5;1;3
	3;1;0;あなたは気がついていない
	2;1;3
	7;1
	4;400
@119
	5;0;3
	5;1;4
	3;0;0;？
	2;0;8
	4;400
@120
	5;0;4
	5;1;3
	3;1;0;今宵は新月であったことに
	2;1;2
	4;400
@121
	5;0;4
	5;1;3
	3;1;0;すでに、昼と夜の境界は私の手の内に
	3;1;1;あることに
	2;1;2
	4;400
@122
	5;0;3
	5;1;4
	3;0;0;夕方の妖怪か？
	2;0;3
	4;400
@123
	5;0;4
	5;1;3
	3;1;0;そんなもん手の内にあっても・・・
	2;1;2
	4;400
@124
	5;0;3
	5;1;4
	3;0;0;明け方？
	2;0;0
	4;400
@125
	5;0;4
	5;1;3
	3;1;0;あなたは、すでに私の結界の内にいる
	2;1;3
	4;400
@126
	5;0;4
	5;1;3
	3;1;0;ここに居る内は夜も明ける事はない
	2;1;2
	4;400
@127
	5;0;3
	5;1;4
	3;0;0;なんだ、夜桜の妖怪か
	2;0;1
	4;400
@128
	5;0;4
	5;1;3
	3;1;0;私の結界を見つける手段は無い！
	2;1;2
	4;400
	5;0;5
	5;1;5
	13;0
@158
	0
	13;1
@0
	0
entry 11
@0
	1;0;0
	2;0;0
	5;0;1
	1;1;0
	2;1;4
	5;1;1
@60
	5;0;3
	5;1;4
	3;0;0;お、夜も明けそうな時間だが
	2;0;2
	4;400
@61
	5;0;4
	5;1;3
	3;1;0;流石にもう疲れました～
	4;400
@62
	5;0;3
	5;1;4
	3;0;0;大したことも無い
	2;0;0
	4;400
@63
	5;0;4
	5;1;3
	3;1;0;まだ、冬眠明けで体力不足なのよ
	4;400
@64
	5;0;3
	5;1;4
	3;0;0;冬眠前に蜂蜜でも大量に蓄えるのか？
	2;0;3
	4;400
@65
	5;0;4
	5;1;3
	3;1;0;人
	4;400
@66
	5;0;3
	5;1;4
	3;0;0;そう
	2;0;9
	4;400
@67
	5;0;4
	5;1;3
	3;1;0;睡眠中は藍任せなんだけど
	4;400
@68
	5;0;4
	5;1;3
	3;1;0;なんだか今年は目覚めが悪い
	4;400
@69
	5;0;3
	5;1;4
	3;0;0;冬が長すぎたんじゃない？
	2;0;1
	4;400
@70
	5;0;4
	5;1;3
	3;1;0;ああ、そうか、それで人不足なのね
	4;400
@71
	5;0;3
	5;1;4
	3;0;0;人不足って、用途合ってるような
	2;0;0
	4;400
@72
	5;0;3
	5;1;4
	3;0;0;・・・合ってないんだろうな
	2;0;9
	4;400
@73
	5;0;4
	5;1;3
	3;1;0;私なら、春と冬の境界を操る事くらい
	3;1;1;容易いのに
	4;400
@74
	5;0;4
	5;1;3
	3;1;0;あなたなんかに任せたから遅れたのね
	4;400
@75
	5;0;3
	5;1;4
	3;0;0;誰も任されてなど居ない
	2;0;8
	4;400
@76
	5;0;3
	5;1;4
	3;0;0;それに境界を弄られたら、春一番が
	3;0;1;北風になるぜ
	2;0;1
	4;400
@77
	5;0;4
	5;1;3
	3;1;0;ご名答
	4;400
@78
	5;0;3
	5;1;4
	3;0;0;あと、お前が寝ながら（冬眠しながら）
	3;0;1;起きる
	2;0;1
	4;400
@79
	5;0;4
	5;1;3
	3;1;0;夢遊病？
	4;400
@80
	5;0;4
	5;1;3
	3;1;0;あれも私の得意技なの
	4;400
@81
	5;0;3
	5;1;4
	3;0;0;得意技って・・・
	3;0;1;病ってついてるじゃないか
	2;0;9
	4;400
@82
	5;0;4
	5;1;3
	3;1;0;私がじゃなくて
	4;400
@83
	5;0;4
	5;1;3
	3;1;0;人間を夢遊病にする
	4;400
@84
	5;0;4
	5;1;3
	3;1;0;睡眠と覚醒の境界を弄るだけよ
	4;400
@85
	5;0;3
	5;1;4
	3;0;0;便利な奴だぜ
	2;0;0
	4;400
@86
	5;0;3
	5;1;4
	3;0;0;それはそうと、そろそろ夜が明けて
	3;0;1;も良いんじゃないか？
	2;0;0
	4;400
@87
	5;0;4
	5;1;3
	3;1;0;時間はもうとっくに日の入りね
	4;400
@88
	5;0;4
	5;1;3
	3;1;0;夜なのはこの辺りだけ・・・
	4;400
@89
	5;0;3
	5;1;4
	3;0;0;くそ、徹夜で目の下にクマが
	2;0;0
	4;400
@90
	5;0;3
	5;1;4
	3;0;0;謀ったな！
	2;0;8
	4;400
@91
	5;0;4
	5;1;3
	3;1;0;謀ってない
	4;400
	13;0
@151
	9;0
	12
@211
	4;1200
	11
	10
@0
	0
entry 20
@0
	1;0;0
	2;0;0
	5;0;1
@60
	3;0;0;この辺りの治安は
	4;400
@61
	3;0;0;昔からこうなのかしら
	4;360
	1;1;0
	2;1;2
	5;0;4
	3;1;0;あの世に法など無いの
	4;400
	6
@101
	5;0;4
	5;1;1
	5;1;3
@102
	3;1;0;死刑は出来ないですから
	2;1;2
	4;400
	5;0;3
	5;1;4
@103
	3;0;0;あら夜摩天（閻魔様の事）は？
	2;0;1
	4;400
	5;0;4
	5;1;3
@104
	3;1;0;夜摩天より力があれば
@105
	3;1;1;どうとでもなる
	2;1;2
	4;400
	5;0;4
	5;1;3
@106
	3;1;0;ここは、いや、ここもそういう世界なの
	2;1;3
	4;400
	5;0;3
	5;1;4
@107
	3;0;0;力とは経済力？
	2;0;0
	4;400
	5;0;4
	5;1;3
@108
	3;1;0;智恵よ
	2;1;3
	4;400
	5;0;3
	5;1;4
@109
	3;0;0;で、智恵のあるあなたは誰？
	2;0;3
	4;400
@110
	5;0;4
	5;1;3
	3;1;0;あなたの事は、藍から聞いたわ
	8;1;0;　　　神隠しの主犯　　　　
	8;1;1;八雲　紫（やくも　ゆかり）
	2;1;3
	4;400
@111
	5;0;3
	5;1;4
	3;0;0;あら、私も有名になったものだわ
	2;0;1
	4;400
@112
	5;0;4
	5;1;3
	3;1;0;有名人であるあなたに、ちょっと会って
	3;1;1;見たくてね
	2;1;2
	4;400
@113
	5;0;3
	5;1;4
	3;0;0;それで起きてきたというわけ？
	2;0;9
	4;400
@114
	5;0;3
	5;1;4
	3;0;0;でも、サインも出来ないけど
	2;0;0
	4;400
@115
	5;0;4
	5;1;3
	3;1;0;いやぁ、直筆の二枚舌で結構です～
	2;1;3
	4;400
@116
	5;0;3
	5;1;4
	3;0;0;直筆？
	2;0;9
	4;400
@117
	5;0;4
	5;1;3
	3;1;0;あなたは気がついていない
	2;1;3
	7;1
	4;400
@118
	5;0;3
	5;1;4
	3;0;0;あなたの智恵が無いことにですか？
	2;0;3
	4;400
@119
	5;0;4
	5;1;3
	3;1;0;極楽と地獄の境界が曖昧に
	3;1;1;なっている事に
	2;1;2
	4;400
@120
	5;0;4
	5;1;3
	3;1;0;ここは鬼達の無法地帯に
	3;1;1;なっている事に
	2;1;2
	4;400
@121
	5;0;3
	5;1;4
	3;0;0;地獄だなんて、魔界より怖くない
	2;0;0
	4;400
@122
	5;0;3
	5;1;4
	3;0;0;鬼だなんて、悪魔に比べたらなんて
	3;0;1;事も無いわ
	2;0;1
	4;400
@123
	5;0;4
	5;1;3
	3;1;0;あなたは此処から抜け出せない
	2;1;2
	4;400
@124
	5;0;4
	5;1;3
	3;1;0;それが無間地獄
	2;1;3
	4;400
@125
	5;0;3
	5;1;4
	3;0;0;大丈夫、一本の蜘蛛の糸さえあれば
	2;0;0
	4;400
@126
	5;0;3
	5;1;4
	3;0;0;極楽の境界を見つけられる
	2;0;3
	4;400
@127
	5;0;4
	5;1;3
	3;1;0;ふふふ
	2;1;2
	4;400
@128
	5;0;4
	5;1;3
	3;1;0;その道が、蜘蛛の糸より細く
	2;1;3
	4;400
@129
	5;0;4
	5;1;3
	3;1;0;蜘蛛の糸より複雑な弾幕の道でも？
	2;1;2
	4;400
	5;0;5
	5;1;5
	13;0
@159
	0
	13;1
@0
	0
entry 21
@0
	1;0;0
	2;0;0
	5;0;1
	1;1;0
	2;1;4
	5;1;1
@60
	5;0;3
	5;1;4
	3;0;0;あ～、極楽極楽
	2;0;2
	4;400
@61
	5;0;4
	5;1;3
	3;1;0;あんな道を通るなんて聞いてないです～
	4;400
@62
	5;0;3
	5;1;4
	3;0;0;蜘蛛の糸ったって、蜘蛛より大きな
	3;0;1;昆虫でも捕まえられる
	2;0;0
	4;400
@63
	5;0;3
	5;1;4
	3;0;0;蝶でもね
	2;0;3
	4;400
@64
	5;0;4
	5;1;3
	3;1;0;やっぱりあれか
	4;400
@65
	5;0;4
	5;1;3
	3;1;0;夜の蜘蛛は泥棒に入られる
	4;400
@66
	5;0;3
	5;1;4
	3;0;0;泥棒とは人聞きの悪いわ
	2;0;3
	4;400
@67
	5;0;3
	5;1;4
	3;0;0;メイドの格好していれば、何処に忍び
	3;0;1;込んでも、割と平気だけど
	2;0;9
	4;400
@68
	5;0;4
	5;1;3
	3;1;0;私の家に来ても何も無いですわ
	4;400
@69
	5;0;4
	5;1;3
	3;1;0;同じ境にある神社よりはましですけど
	4;400
@70
	5;0;3
	5;1;4
	3;0;0;そうで無くても
	2;0;1
	4;400
@71
	5;0;3
	5;1;4
	3;0;0;寝ているだけの家に何かあるとは
	3;0;1;思えない
	2;0;3
	4;400
@72
	5;0;4
	5;1;3
	3;1;0;失礼ね
	3;1;1;色々あるわよ
	4;400
@73
	5;0;3
	5;1;4
	3;0;0;さっきは何も無いと言った
	2;0;0
	4;400
@74
	5;0;4
	5;1;3
	3;1;0;お布団とか
	4;400
@75
	5;0;3
	5;1;4
	3;0;0;そんなもの誰も取りませんて
	2;0;1
	4;400
@76
	5;0;4
	5;1;3
	3;1;0;枕とか
	4;400
@77
	5;0;3
	5;1;4
	3;0;0;本当に何も無さそう・・・
	2;0;9
	4;400
@78
	5;0;4
	5;1;3
	3;1;0;でも漂流物がよく届くわ
	4;400
@79
	5;0;3
	5;1;4
	3;0;0;海なんてあったっけ？
	2;0;0
	4;400
@80
	5;0;4
	5;1;3
	3;1;0;子供とか大人とか
	4;400
@81
	5;0;3
	5;1;4
	3;0;0;ちゃんと返してあげなさいね
	2;0;9
	4;400
	13;0
@141
	9;0
	12
@201
	4;1200
	11
	10
@0
	0
entry 2
@0
	13;0
	1;0;0
	2;0;0
	5;0;1
	1;1;0
	2;1;0
	5;1;1
@40
	5;0;4
	5;1;3
	3;1;0;また来たの？
@120
	3;1;0;今日はもう疲れたし
@210
	3;1;0;そろそろ寝ようと思っていたのに
@300
	3;0;0;約束通り、夜に来たわ
	5;0;3
	5;1;4
@400
	5;0;5
	5;1;5
@430
	0
	13;1
@0
	0
entry 12
@0
	13;0
	1;0;0
	2;0;0
	5;0;1
	1;1;0
	2;1;0
	5;1;1
@40
	5;0;4
	5;1;3
	3;1;0;また来たの？
@120
	3;1;0;今日はもう疲れたし
@210
	3;1;0;そろそろ寝ようと思っていたのに
@300
	3;0;0;それは良い心がけだ
	5;0;3
	5;1;4
@400
	5;0;5
	5;1;5
@430
	0
	13;1
@0
	0
entry 22
@0
	13;0
	1;0;0
	2;0;0
	5;0;1
	1;1;0
	2;1;0
	5;1;1
@40
	5;0;4
	5;1;3
	3;1;0;また来たの？
@120
	3;1;0;今日はもう疲れたし
@210
	3;1;0;そろそろ寝ようと思っていたのに
@300
	3;0;0;今度こそ眠らせてあげるわ
	5;0;3
	5;1;4
@400
	5;0;5
	5;1;5
@430
	0
	13;1
@0
	0
