entry 0 (256)
@0
	7;0
	8;0
	10;795699042
	9
	3
@1
	5;6000000
	3
@2
	5;6000000
	3
@3
	6
	8;1
	9
	3
@4
	5;6000000
	3
@5
	5;6000000
	9
	3
@6
	5;6000000
	3
@7
	6
	9
	3
@8
	5;6000000
	9
	3
@9
	5;6000000
	3
@10
	5;6000000
	9
	3
@11
	6
	3
@12
	5;6000000
	3
@13
	5;6000000
	3
@14
	5;6000000
	9
	3
@15
	6
	8;2
	9
	3
@16
	5;6000000
	3
@17
	5;6000000
	9
	3
@18
	6
	9
	3
@19
	5;6000000
	3
	3
@20
	5;6000000
	3
@21
	6
	9
	3
@22
	5;6000000
	3
@23
	5;6000000
	9
	3
@24
	5;6000000
	9
	3
@25
	6
	9
	3
@26
	5;6000000
	3
@27
	5;6000000
	9
	3
@28
	6
	9
	3
@29
	5;6000000
	9
	3
@30
	5;6000000
	3
@31
	6
	9
	3
@32
	5;6000000
	3
@33
	6
	3
@34
	5;6000000
	3
@35
	5;6000000
	3
@36
	5;6000000
	3
@37
	6
	9
	3
@38
	5;6000000
	3
	3
@39
	6
	3
	11
@99
	14
@159
	12
@219
	0
@0
	0
