entry 0
@0
	1;0;0
	2;0;0
	5;0;1
@60
	3;0;0;はて
	4;300
@61
	3;0;0;こんなところに家があったっけ？
	4;360
	6
@101
	1;1;0
	2;1;0
	5;1;1
	5;0;4
	3;1;0;ここに迷い込んだら最後！
	4;300
	5;0;3
	5;1;4
@102
	3;0;0;最後？
	2;0;1
	8;1;0;凶兆の黒猫　　　
	8;1;1;橙（チェン）　　
	13;0
	4;30
	13;1
	4;300
	5;0;4
	5;1;3
@103
	3;1;0;それはさておき、迷い家にようこそ
	2;1;1
	4;300
	5;0;3
	5;1;4
@104
	3;0;0;で、何が最後？
	2;0;0
	4;300
@105
	5;0;4
	5;1;3
	3;1;0;迷い込んだら最後、２度と戻れないわ
	2;1;0
	4;300
@106
	5;0;3
	5;1;4
	3;0;0;そうですか
	2;0;3
	4;300
@107
	5;0;3
	5;1;4
	3;0;0;で、たしか、迷い家って
	2;0;1
	4;300
@108
	5;0;3
	5;1;4
	3;0;0;ここにあるもの
	3;0;1;持ち帰れば幸運になれるって...
	2;0;3
	4;300
@109
	5;0;4
	5;1;3
	3;1;0;なれるわよ
	2;1;1
	4;300
@110
	5;0;3
	5;1;4
	3;0;0;じゃぁ、略奪開始ー
	2;0;2
	4;300
@111
	5;0;4
	5;1;3
	3;1;0;なんだって？
	2;1;2
	4;300
@112
	5;0;4
	5;1;3
	3;1;0;ここは、私達の里よ
	3;1;1;人間は出てってくれる？
	2;1;0
	7;1
	4;300
@113
	5;0;3
	5;1;4
	3;0;0;迷い込んだら、２度と戻れないわ
	3;0;1;... は、どうなったのよ
	2;0;9
	4;300
	5;0;5
	5;1;5
	13;0
@143
	0
	13;1
@0
	0
entry 1
@0
	1;0;0
	2;0;2
	5;0;1
@60
	3;0;0;とりあえず
	4;300
	3;0;0;軽くて身近な日常品を探さないと
	4;900
	13;0
@120
	9;0
	12
@180
	4;1200
	11
	10
@0
	0
entry 10
@0
	1;0;0
	2;0;0
	5;0;1
@60
	3;0;0;ああもう。
	4;300
@61
	3;0;0;ここは人間の様な何かが棲みそうな所だな
	2;0;1
	4;360
@62
	3;0;0;猫とか、犬とか、狐とか
	2;0;3
	4;360
	6
@102
	1;1;0
	2;1;1
	5;1;1
	5;0;4
	3;1;0;呼ばれて飛び出て...
	4;300
	5;0;3
	5;1;4
@103
	3;0;0;... 出る杭は打たれる、か？
	2;0;3
	8;1;0;凶兆の黒猫　　　
	8;1;1;橙（チェン）　　
	13;0
	4;30
	13;1
	4;300
	5;0;4
	5;1;3
@104
	3;1;0;で、何の用？
	2;1;0
	4;300
	5;0;3
	5;1;4
@105
	3;0;0;四本足の生き物に用などないぜ
	2;0;0
	4;300
@106
	5;0;4
	5;1;3
	3;1;0;迷い家にやってきたって事は、
	3;1;1;道に迷ったんでしょ～？
	2;1;1
	4;300
@107
	5;0;3
	5;1;4
	3;0;0;道なんて無かったけどな
	2;0;1
	4;300
@108
	5;0;4
	5;1;3
	3;1;0;さっきから吹雪で視界悪いし、
	3;1;1;風向きもころころ変ってるから
	2;1;1
	4;300
@109
	5;0;3
	5;1;4
	3;0;0;そうか、風向きが変っていたのか
	3;0;1;どうりで
	2;0;9
	4;300
@110
	5;0;4
	5;1;3
	3;1;0;もう帰り道も判らないでしょ
	2;1;0
	7;1
	4;300
@111
	5;0;3
	5;1;4
	3;0;0;どうりで
	2;0;3
	4;300
	5;0;5
	5;1;5
	13;0
@141
	0
	13;1
@0
	0
entry 11
@0
	1;0;0
	2;0;0
	5;0;1
@60
	3;0;0;どうりで
	4;300
	3;0;0;どうでもいい奴に遭うわけだぜ
	4;900
	13;0
@120
	9;0
	12
@180
	4;1200
	11
	10
@0
	0
entry 20
@0
	1;0;0
	2;0;0
	5;0;1
@60
	3;0;0;ほんとに、もう春なのかしら
	4;300
@61
	3;0;0;どう考えてもおかしいじゃない
	4;360
	6
@101
	1;1;0
	2;1;1
	5;1;1
	5;0;4
	3;1;0;おかしいと思ったら人に聞く！
	4;300
	5;0;3
	5;1;4
@102
	3;0;0;人じゃ無いじゃない
	2;0;0
	2;1;2
	8;1;0;凶兆の黒猫　　　
	8;1;1;橙（チェン）　　
	13;0
	4;30
	13;1
	4;300
	5;0;4
	5;1;3
@103
	3;1;0;まぁ、聞かれても答えられないけど
	2;1;1
	4;300
	5;0;3
	5;1;4
@104
	3;0;0;こんな日はね
	2;0;9
	4;300
	5;0;3
	5;1;4
@105
	3;0;0;猫は大人しく炬燵で丸くなるものよ
	2;0;3
	4;300
@106
	5;0;4
	5;1;3
	3;1;0;そういう迷信を信じちゃ駄目！
	2;1;0
	4;300
	5;0;3
	5;1;4
@107
	3;0;0;（迷信だったのか…）
	2;0;0
	4;300
@108
	5;0;4
	5;1;3
	3;1;0;大体、野猫はどうすればいいのよ
	2;1;1
	4;300
@109
	5;0;3
	5;1;4
	3;0;0;大人しく保健所に駆逐されてみては
	3;0;1;どうかしら？
	2;0;1
	4;30
	2;1;2
	4;300
	5;0;3
	5;1;4
@110
	3;0;0;浄土の世界は暖かそうだし
	2;0;3
	4;300
@111
	5;0;4
	5;1;3
	3;1;0;人間が？私達を？
	2;1;0
	7;1
	4;300
@112
	5;0;4
	5;1;3
	3;1;0;無理無理、絶対無理
	3;1;1;あんなのが私達にたてつこうなんて
	2;1;1
	4;300
@113
	5;0;3
	5;1;4
	3;0;0;試してみたいのね
	2;0;1
	4;300
	5;0;5
	5;1;5
	13;0
@143
	0
	13;1
@0
	0
entry 21
@0
	1;0;0
	2;0;2
	5;0;1
@60
	3;0;0;南無～
	4;300
	3;0;0;きっと極楽浄土は、暖かくて幸せに
	3;0;1;違いないでしょう
	4;900
	13;0
@120
	9;0
	12
@180
	4;1200
	11
	10
@0
	0
