entry 0
@0
	1;0;0
	2;0;0
	5;0;1
@60
	3;0;0;夜は冷えるわね
	4;300
@61
	3;0;0;視界も最悪だし
	4;360
	6
@101
	1;1;0
	2;1;0
	5;1;1
	5;0;4
	3;1;0;冷えるのは、あなたの春度が足りないから
	3;1;1;じゃなくて？
	4;300
	5;0;3
	5;1;4
@102
	3;0;0;いや、足りないかも知れないけど
	2;0;9
	8;1;0;　　七色の人形使い　　　
	8;1;1;アリス・マーガトロイド　
	13;0
	4;30
	13;1
	4;300
	5;0;4
	5;1;3
@103
	3;1;0;しばらくぶりね
	2;1;0
	4;300
	5;0;3
	5;1;4
@104
	3;0;0;さっき遭ったばかりだってば
	2;0;0
	4;300
@105
	5;0;4
	5;1;3
	3;1;0;いや、そういう意味じゃなくて
	2;1;2
	4;300
@106
	5;0;3
	5;1;4
	3;0;0;しばらく巨人？
	2;0;9
	4;300
@107
	5;0;4
	5;1;3
	3;1;0;私のこと覚えてないの？
	3;1;1;まぁ、どうでもいいけど
	2;1;1
	4;300
@108
	5;0;3
	5;1;4
	3;0;0;それはともかく、春度って何？
	2;0;0
	4;300
@109
	5;0;4
	5;1;3
	3;1;0;どれだけ、あなたの頭が春なのかの度合い
	3;1;1;よ
	2;1;0
	4;300
@110
	5;0;3
	5;1;4
	3;0;0;あんまり、高くても嫌だなぁ
	2;0;9
	4;300
@111
	5;0;3
	5;1;4
	3;0;0;でも、どうしてこんなに冬が長く
	3;0;1;なったのよ？
	2;0;0
	4;300
@112
	5;0;4
	5;1;3
	3;1;0;春度を集めてる奴が居るからよ
	2;1;2
	4;300
@113
	5;0;3
	5;1;4
	3;0;0;あんたは関係無いわけ？
	2;0;0
	4;300
@114
	5;0;4
	5;1;3
	3;1;0;あるわけ無いわ
	2;1;0
	4;300
@115
	5;0;3
	5;1;4
	3;0;0;じゃ
	2;0;1
	4;300
@116
	5;0;4
	5;1;3
	3;1;0;ちょっと！
	2;1;1
	4;300
@117
	5;0;4
	5;1;3
	3;1;0;折角、旧友と出あったと言うのに
	3;1;1;手土産はあんたの命だけかい？
	2;1;2
	7;1
	4;300
@118
	5;0;3
	5;1;4
	3;0;0;誰があんたみたいな七色魔法莫迦と
	3;0;1;旧友なのよ
	2;0;8
	4;300
@119
	5;0;4
	5;1;3
	3;1;0;所詮、巫女は二色
	2;1;1
	4;300
@120
	5;0;4
	5;1;3
	3;1;0;その力は私の二割八分六厘にも満たない
	2;1;0
	4;300
	5;0;5
	5;1;5
	13;0
@150
	0
	13;1
@0
	0
entry 1
@0
	1;0;0
	2;0;0
	5;0;1
	1;1;0
	2;1;3
	5;1;1
@60
	5;0;3
	5;1;4
	3;0;0;春度っていうのは
	2;0;0
	4;300
@61
	5;0;3
	5;1;4
	3;0;0;この桜の花びらのことかしら？
	2;0;0
	4;300
@62
	5;0;4
	5;1;3
	3;1;0;判ってて集めてたんじゃないの？
	4;300
@63
	5;0;3
	5;1;4
	3;0;0;いや、まぁ、うん
	2;0;9
	4;300
	13;0
@123
	9;0
	12
@183
	4;1200
	11
	10
@0
	0
entry 10
@0
	1;0;0
	2;0;0
	5;0;1
@60
	3;0;0;何だか
	4;300
@61
	3;0;0;居心地がいいぜ
	2;0;2
	4;360
	6
@101
	1;1;0
	2;1;1
	5;1;1
	5;0;4
	3;1;0;こんな殺伐とした夜がいいのかしら？
	4;300
	5;0;3
	5;1;4
@102
	3;0;0;いいんだよ
	2;0;0
	8;1;0;　　七色の人形使い　　　
	8;1;1;アリス・マーガトロイド　
	13;0
	4;30
	13;1
	4;300
	5;0;4
	5;1;3
@103
	3;1;0;所詮、あなたは野魔法使いね
	2;1;2
	4;300
	5;0;3
	5;1;4
@104
	3;0;0;温室魔法使いよりはよくないか？
	2;0;0
	4;300
@105
	5;0;4
	5;1;3
	3;1;0;都会派魔法使いよ
	2;1;0
	4;300
@106
	5;0;3
	5;1;4
	3;0;0;あー？、辺境にようこそだな
	2;0;1
	4;300
@107
	5;0;4
	5;1;3
	3;1;0;田舎の春は寒くて嫌ねぇ
	2;1;1
	4;300
@108
	5;0;3
	5;1;4
	3;0;0;誰の所為で春なのにこんな吹雪に
	3;0;1;あってるんだよ
	2;0;9
	4;300
@109
	5;0;4
	5;1;3
	3;1;0;ちなみに、私の所為ではないわ
	2;1;2
	7;1
	4;300
@110
	5;0;3
	5;1;4
	3;0;0;そうかい
	2;0;8
	4;300
@111
	5;0;3
	5;1;4
	3;0;0;でも、なけなしの春くらいは
	3;0;1;持ってそうだな
	2;0;3
	4;300
@112
	5;0;4
	5;1;3
	3;1;0;私も、あんたのなけなしの春くらいを
	3;1;1;頂こうかしら？
	2;1;1
	4;300
	5;0;5
	5;1;5
	13;0
@142
	0
	13;1
@0
	0
entry 11
@0
	1;0;0
	2;0;0
	5;0;1
	1;1;0
	2;1;3
	5;1;1
@60
	5;0;3
	5;1;4
	3;0;0;いつも冬ってこんなに
	3;0;1;騒がしかったのか？
	2;0;2
	4;300
@61
	5;0;3
	5;1;4
	3;0;0;大体、普通の人間は表に出ないからなぁ
	2;0;2
	4;300
@62
	5;0;4
	5;1;3
	3;1;0;私を普通の人間と一緒にしないでよ
	4;300
@63
	5;0;3
	5;1;4
	3;0;0;異常な人間か？
	2;0;0
	4;300
@64
	5;0;4
	5;1;3
	3;1;0;普通の人間以外！！
	4;300
	13;0
@124
	9;0
	12
@184
	4;1200
	11
	10
@0
	0
entry 20
@0
	1;0;0
	2;0;0
	5;0;1
@60
	3;0;0;なんか、無駄に時間を過ごしてるような
	3;0;1;気がする... 
	4;300
@61
	3;0;0;うちのお嬢様は大丈夫かしら？
	4;360
	6
@101
	1;1;0
	2;1;2
	5;1;1
	5;0;4
	3;1;0;他人の心配する位なら自分の心配したら？
	4;300
	5;0;3
	5;1;4
@102
	3;0;0;ああ、心配だわ。自分。
	2;0;0
	8;1;0;　　七色の人形使い　　　
	8;1;1;アリス・マーガトロイド　
	13;0
	4;30
	13;1
	4;300
	5;0;4
	5;1;3
@103
	3;1;0;で、何が心配なの？自分。
	2;1;0
	4;300
	5;0;3
	5;1;4
@104
	3;0;0;服の替えを３着しか持ってこなかったの。
@105
	3;0;1;自分
	2;0;1
	4;300
@106
	5;0;4
	5;1;3
	3;1;0;持ってきてたんだ
	2;1;2
	4;300
	5;0;3
	5;1;4
@107
	3;0;0;あと、ナイフの替えも
	2;0;3
	4;300
@108
	5;0;4
	5;1;3
	3;1;0;持ってきてるの？
	2;1;1
	4;300
@109
	5;0;3
	5;1;4
	3;0;0;あなたは悩みが少なそうでいいわね
	2;0;1
	4;300
@110
	5;0;4
	5;1;3
	3;1;0;失礼な！
	2;1;0
	4;300
@111
	5;0;4
	5;1;3
	3;1;0;少ないんじゃなくて、悩みなんて無いわ！
	2;1;1
	4;300
@112
	5;0;3
	5;1;4
	3;0;0;って、言い切られてもなぁ。
	2;0;8
	4;300
	5;0;3
	5;1;4
@113
	3;0;0;で、そこの悩みの無いの。
	2;0;3
	4;300
@114
	5;0;4
	5;1;3
	3;1;0;はい？
	2;1;1
	4;300
	5;0;3
	5;1;4
@115
	3;0;0;この辺で春を奪った奴か、冬をばら
@116
	3;0;1;撒いた奴を知らないかしら？
	2;0;3
	7;1
	4;300
@117
	5;0;4
	5;1;3
	3;1;0;大体、心当たりはあるけど
	2;1;0
	4;300
	5;0;3
	5;1;4
@118
	3;0;0;どこに居るの？
	2;0;3
	4;300
@119
	5;0;4
	5;1;3
	3;1;0;そんな瑣末な事は、どうでも良かった
	3;1;1;のであった
	2;1;2
	4;300
@120
	5;0;3
	5;1;4
	3;0;0;どうでも良くない
	2;0;8
	4;300
	5;0;5
	5;1;5
	13;0
@150
	0
	13;1
@0
	0
entry 21
@0
	1;0;0
	2;0;0
	5;0;1
	1;1;0
	2;1;3
	5;1;1
@60
	5;0;3
	5;1;4
	3;0;0;さぁ、今回の騒動の張本人は
	3;0;1;一体どこのどいつ？
	2;0;1
	4;300
@61
	5;0;4
	5;1;3
	3;1;0;風下に寂れた神社があるわ
	4;300
@62
	5;0;4
	5;1;3
	3;1;0;そこに頭が春っぽい巫女が住んでる
	3;1;1;から、そいつに違いないわ
	4;300
@63
	5;0;3
	5;1;4
	3;0;0;多分、それは違うと思います
	2;0;9
	4;300
@64
	5;0;4
	5;1;3
	3;1;0;冗談はさておき
	4;300
@65
	5;0;4
	5;1;3
	3;1;0;あなたが桜を集めるたびに
	3;1;1;春が近づいてることに気が付かない？
	4;300
@66
	5;0;3
	5;1;4
	3;0;0; ...向うは風上ね
	2;0;0
	4;300
@67
	5;0;4
	5;1;3
	3;1;0;まだ何も言っていないのに... 
	4;300
	13;0
@127
	9;0
	12
@187
	4;1200
	11
	10
@0
	0
