entry 0
@0
	1;0;0
	2;0;0
	5;0;1
@60
	3;0;0;それにしても
	4;300
@61
	3;0;0;雲の上まで桜が舞ってるのは何故？
	2;0;9
	4;360
@62
	3;0;0;・・・
	2;0;0
	4;300
@63
	3;0;0;・・・
	2;0;2
	4;300
@64
	3;0;0;いつもだったらここで、誰かが答えて
@65
	3;0;1;くれるんですけど
	2;0;8
	4;360
	6
@105
	1;1;0
	2;1;0
	5;1;1
	5;0;4
	3;1;0;ああ、分ったよ
	4;300
	5;0;4
	5;1;3
@106
	3;1;0;ほら、それはアレだ
	2;0;0
	2;1;0
	8;1;0;　騒霊ヴァイオリスト　
	8;1;1;ルナサ・プリズムリバー
	13;0
	4;30
	13;1
	4;300
	5;0;4
	5;1;3
@107
	3;1;0;この辺はこの季節になると気圧が・・・
	2;1;0
	4;300
@137
	3;1;1;下がる
	2;1;0
	4;300
	5;0;3
	5;1;4
@138
	3;0;0;なんかテンションも下がりそうね
	2;0;0
	4;300
@139
	5;0;4
	5;1;3
	3;1;0;・・・
	2;1;1
	4;300
@140
	5;0;3
	5;1;4
	3;0;0;おっと、用が無いわけじゃないので
	3;0;1;帰らないわよ
	2;0;1
	4;300
@141
	5;0;4
	5;1;3
	3;1;0;誰もそんなこと言おうとしていない
	2;1;0
	4;300
	5;0;4
	5;1;3
@142
	3;1;0;上昇気流と言いたかっただけ
	2;1;0
	4;300
@143
	5;0;3
	5;1;4
	3;0;0;ともかく、どう見てもこの門の先が
	3;0;1;目的地っぽいんだけど
	2;0;0
	4;300
@144
	5;0;4
	5;1;2
	3;1;0;姉さんってば早いって
	4;300
	6
@204
	5;0;4
	5;1;3
	2;1;3
	8;1;0;　 騒霊トランペッター 　
	8;1;1;メルラン・プリズムリバー
	3;1;0;それ、誰？
	4;300
@205
	5;0;4
	5;1;3
	3;1;0;上昇気流
	2;1;1
	4;300
@206
	5;0;4
	5;1;3
	3;1;0;私達の天敵ねー
	2;1;6
	8;1;0; 騒霊キーボーディスト 
	8;1;1;リリカ・プリズムリバー
	4;300
@207
	5;0;3
	5;1;4
	3;0;0;おそらく、それは違う
	2;0;8
	4;300
@208
	5;0;3
	5;1;4
	3;0;0;で、あんたら何者？
	3;0;1;ここはどこなのよ？
	2;0;0
	4;300
@209
	5;0;4
	5;1;3
	3;1;0;私達は騒霊演奏隊～
	3;1;1;お呼ばれで来たの
	2;1;6
	7;1
	4;300
@210
	5;0;4
	5;1;3
	3;1;0;これからお屋敷でお花見よ
	3;1;1;私達は音楽で盛り上げるの
	2;1;4
	4;300
@211
	5;0;4
	5;1;3
	3;1;0;でも、あなたは演奏できない
	2;1;0
	4;300
@212
	5;0;3
	5;1;4
	3;0;0;私もお花見したいわ
	2;0;0
	4;300
@213
	5;0;4
	5;1;3
	3;1;0;あなたはお呼びでない
	2;1;3
	4;300
@214
	5;0;3
	5;1;4
	3;0;0;幽霊にお呼ばれ、ねぇ
	3;0;1;あんまりされたくないなぁ
	2;0;0
	4;300
@215
	5;0;4
	5;1;3
	3;1;0;雑音は、始末するまで
	2;1;1
	4;300
@216
	5;0;4
	5;1;3
	3;1;0;がんばってね～
	2;1;6
	4;300
@217
	5;0;4
	5;1;3
	3;1;0;手助け歓迎中よ
	2;1;0
	4;300
	5;0;5
	5;1;5
	13;0
@247
	0
	13;1
@0
	0
entry 1
@0
	1;0;0
	2;0;0
	5;0;1
	1;1;0
	2;1;10
	5;1;1
@60
	5;0;3
	5;1;4
	3;0;0;やった、お花見権確保！
	2;0;2
	4;300
@61
	5;0;4
	5;1;3
	3;1;0;で、目的はお花見ジャック？
	4;300
@62
	5;0;3
	5;1;4
	3;0;0;何か違った気もする・・・
	2;0;0
	4;300
	13;0
@122
	9;0
	12
@182
	4;1200
	11
	10
@0
	0
entry 10
@0
	1;0;0
	2;0;0
	5;0;1
@60
	3;0;0;この結界は凄いな
	3;0;1;素人にはさっぱり解き方が分らないぜ
	4;300
@61
	3;0;0;何を隠してあるんだか
	2;0;0
	4;360
	6
@101
	1;1;0
	2;1;6
	5;1;1
	5;0;4
	3;1;0;えへへ～
	4;300
	5;0;4
	5;1;3
@102
	3;1;0;企業秘密
	2;0;0
	2;1;6
	8;1;0; 騒霊キーボーディスト 
	8;1;1;リリカ・プリズムリバー
	13;0
	4;30
	13;1
	4;300
	5;0;3
	5;1;4
@103
	3;0;0;オンパッキャラマド・・・
	2;0;0
	4;300
@104
	5;0;4
	5;1;3
	3;1;0;そんなんじゃ、この結界は開かないって
	2;1;7
	4;300
@105
	5;0;3
	5;1;4
	3;0;0;どうでもいいけど、お前は誰だ？
	2;0;0
	4;300
@106
	5;0;4
	5;1;3
	3;1;0;どうでもいいじゃん
	2;1;6
	4;300
@107
	5;0;3
	5;1;4
	3;0;0;ああ、どうでもいいぜ
	2;0;1
	4;300
@108
	5;0;3
	5;1;4
	3;0;0;どうせ、倒せば扉が開くんだろ？
	2;0;0
	4;300
	6
@109
	5;0;4
	5;1;3
	3;1;0;リリカのお友達？
	2;1;0
	8;1;0;　騒霊ヴァイオリスト　
	8;1;1;ルナサ・プリズムリバー
	13;0
	4;30
	13;1
	4;300
@110
	5;0;3
	5;1;4
	3;0;0;お友達だぜ
	2;0;1
	4;300
@111
	5;0;4
	5;1;3
	3;1;0;お友達よ～
	2;1;6
	4;300
@112
	5;0;4
	5;1;3
	3;1;0;それは良かったわ
	3;1;1;ようやくリリカにもお友達が出来て
	2;1;3
	8;1;0;　 騒霊トランペッター 　
	8;1;1;メルラン・プリズムリバー
	4;300
@113
	5;0;3
	5;1;4
	3;0;0;で、早速だが
	2;0;0
	4;300
@114
	5;0;3
	5;1;4
	3;0;0;友達のよしみで、この結界を解いて
	3;0;1;欲しい
	2;0;3
	4;300
@115
	5;0;4
	5;1;3
	3;1;0;その前に一曲聴いてからにしない？
	3;1;1;友達のよしみで
	2;1;3
	7;1
	4;300
@116
	5;0;4
	5;1;3
	3;1;0;お代は見てのお帰りよ
	3;1;1;友達のよしみの所為で
	2;1;0
	4;300
@117
	5;0;4
	5;1;3
	3;1;0;よしみ～
	2;1;6
	4;300
@118
	5;0;3
	5;1;4
	3;0;0;どうにも、あんたらじゃこの結界を
	3;0;1;解けそうに無いぜ
	2;0;9
	4;300
@119
	5;0;4
	5;1;3
	3;1;0;さぁ演奏開始よ～
	3;1;1;姉さん、やっちゃいな！
	2;1;7
	4;300
@120
	5;0;4
	5;1;3
	3;1;0;お友達なんだから、たまにはソロで
	3;1;1;やりなさいよ
	2;1;3
	4;300
@121
	5;0;4
	5;1;3
	3;1;0;うぇ～
	2;1;6
	4;300
@122
	5;0;4
	5;1;3
	3;1;0;わかったよ、いつでも手助けする
	2;1;1
	4;300
@123
	5;0;3
	5;1;4
	3;0;0;手助けは、無用だぜ
	2;0;1
	4;300
	5;0;5
	5;1;5
	13;0
@153
	0
	13;1
@0
	0
entry 11
@0
	1;0;0
	2;0;0
	5;0;1
	1;1;0
	2;1;10
	5;1;1
@60
	5;0;3
	5;1;4
	3;0;0;さて、扉は開くのか？
	2;0;2
	4;300
@61
	5;0;4
	5;1;3
	3;1;0;この扉は開かないわ
	4;300
@62
	5;0;3
	5;1;4
	3;0;0;お前達は、この中に入るんじゃ
	3;0;1;ないのか？
	2;0;0
	4;300
@63
	5;0;4
	5;1;3
	3;1;0;私達は上を飛び越えて入るのよ
	4;300
@64
	5;0;3
	5;1;4
	3;0;0;・・・ほう
	2;0;9
	4;300
	13;0
@124
	9;0
	12
@184
	4;1200
	11
	10
@0
	0
entry 20
@0
	1;0;0
	2;0;0
	5;0;1
@60
	3;0;0;上空の方が暖かいなんて
	4;300
@61
	3;0;0;素敵過ぎて涙が出るわ
	4;360
	6
@101
	1;1;0
	2;1;3
	5;1;1
	5;0;4
	3;1;0;本当ね～
	4;300
	5;0;4
	5;1;3
@102
	3;1;0;この雲の下は、猛吹雪だって言うのに
	2;0;0
	2;1;3
	8;1;0;　 騒霊トランペッター 　
	8;1;1;メルラン・プリズムリバー
	13;0
	4;30
	13;1
	4;300
	5;0;3
	5;1;4
@103
	3;0;0;で、ここはどこ？
@104
	3;0;1;あなたは？
	2;0;0
	4;300
@105
	5;0;4
	5;1;3
	3;1;0;質問は一つずつにして
	2;1;3
	4;300
	5;0;3
	5;1;4
@106
	3;0;0;そうねぇ、じゃぁ凄いの？
	2;0;0
	4;300
@107
	5;0;4
	5;1;3
	3;1;0;もの凄く普通よ
	2;1;4
	4;300
@108
	5;0;4
	5;1;3
	3;1;0;どうでもいいけど、あんたは誰？
	2;1;3
	4;300
@109
	5;0;3
	5;1;4
	3;0;0;風上を目指していたらここに
	3;0;1;たどり着いただけ
	2;0;1
	4;300
@110
	5;0;3
	5;1;4
	3;0;0;風もここで淀んでるみたいだし
	2;0;1
	4;300
	6
@111
	5;0;4
	5;1;3
	3;1;0;宴にはまだ早い
	2;1;0
	8;1;0;　騒霊ヴァイオリスト　
	8;1;1;ルナサ・プリズムリバー
	13;0
	4;30
	13;1
	4;300
@112
	5;0;3
	5;1;4
	3;0;0;うん？
	2;0;1
	4;300
@113
	5;0;4
	5;1;3
	3;1;0;宴の時間～
	2;1;6
	8;1;0; 騒霊キーボーディスト 
	8;1;1;リリカ・プリズムリバー
	4;300
@114
	5;0;4
	5;1;3
	3;1;0;まぁ、プチ宴位にはなるかな？
	2;1;4
	4;300
@115
	5;0;3
	5;1;4
	3;0;0;なんだい、これからお花見でも
	3;0;1;しようってのかい？
	2;0;1
	4;300
@116
	5;0;4
	5;1;3
	3;1;0;お花見はするわよ
	2;1;3
	7;1
	4;300
@117
	5;0;4
	5;1;3
	3;1;0;その前に宴のネタが手に入りそうだから
	2;1;0
	4;300
@118
	5;0;4
	5;1;3
	3;1;0;お花見前夜祭ね
	2;1;7
	4;300
@119
	5;0;3
	5;1;4
	3;0;0;それは、楽しそうね
	2;0;0
	4;300
@120
	5;0;4
	5;1;3
	3;1;0;あなたは食料役
	2;1;0
	4;300
@121
	5;0;3
	5;1;4
	3;0;0;私につとまるかしら
	2;0;0
	4;300
@122
	5;0;4
	5;1;3
	3;1;0;私の演奏を聴いて、無事だった
	3;1;1;食料は無いわ
	2;1;4
	4;300
@123
	5;0;3
	5;1;4
	3;0;0;無事でありたいわねぇ
	2;0;0
	4;300
@124
	5;0;4
	5;1;3
	3;1;0;いぬにく、いぬにく～
	2;1;6
	4;300
@125
	5;0;3
	5;1;4
	3;0;0;人肉！
	2;0;8
	4;300
	5;0;5
	5;1;5
	13;0
@155
	0
	13;1
@0
	0
entry 21
@0
	1;0;0
	2;0;0
	5;0;1
	1;1;0
	2;1;10
	5;1;1
@60
	5;0;3
	5;1;4
	3;0;0;で、こんなところで時間を潰してる
	3;0;1;暇はないんだけど
	2;0;1
	4;300
@61
	5;0;4
	5;1;3
	3;1;0;まだお花見には早いの
	4;300
@62
	5;0;3
	5;1;4
	3;0;0;お花見も結構だけど、
	3;0;1;春にならないとね
	2;0;9
	4;300
@63
	5;0;4
	5;1;3
	3;1;0;春なら、お屋敷にいっぱいだわ
	4;300
@64
	5;0;3
	5;1;4
	3;0;0;この程度の結界なら、
	2;0;0
	4;300
@65
	5;0;3
	5;1;4
	3;0;0;簡単にくぐれるわね
	2;0;0
	4;300
	13;0
@125
	9;0
	12
@185
	4;1200
	11
	10
@0
	0
