entry 0
@0
	1;0;0
	2;0;8
	5;0;1
@60
	3;0;0;ああもう！
	4;300
@61
	3;0;0;死霊ばっかでうんざりよ
	4;360
@62
	5;0;4
	3;1;0;勝手に人の庭に乗り込んできて
	4;360
@63
	5;0;4
	3;1;0;文句ばっか言ってるなんて
	4;360
@64
	5;0;3
	3;0;0;！？
	4;360
	6
@194
	1;1;0
	2;1;2
	5;1;1
	5;0;4
	3;1;0;どうかしてるわ
	4;300
	5;0;4
	5;1;3
@195
	3;1;0;まぁ、うちは死霊ばっかですけど
	2;1;2
	8;1;0;　　 　幽冥楼閣の亡霊少女　　　　 
	8;1;1;西行寺 幽々子(さいぎょうじゆゆこ)
	4;300
	5;0;3
	5;1;4
@196
	3;0;0;さて、用件はなんだっけ？
@197
	3;0;1;見事な桜に見とれてたわよ
	2;0;9
	4;300
	5;0;4
	5;1;3
@198
	3;1;0;お花見かしら？
	2;1;3
	4;300
	5;0;4
	5;1;3
@199
	3;1;0;割と場所は空いてるわよ
	2;1;4
	4;300
	5;0;3
	5;1;4
@200
	3;0;0;あ、そう？
@201
	3;0;1;じゃ、お花見でもしていこうかしら
	2;0;0
	4;300
@202
	5;0;4
	5;1;3
	3;1;0;でも、あなたはお呼びではない
	2;1;2
	4;300
@203
	5;0;3
	5;1;4
	3;0;0;そうそう、思い出した
	2;0;8
	4;300
@204
	5;0;4
	5;1;3
	3;1;0;何かしら？
	2;1;2
	4;300
@205
	5;0;3
	5;1;4
	3;0;0;私はうちの神社の桜で花見をするのよ
	2;0;1
	4;300
@206
	5;0;4
	5;1;3
	3;1;0;・・・
	2;1;3
	4;300
@207
	5;0;3
	5;1;4
	3;0;0;そんなわけで、見事な桜だけど
	2;0;0
	4;300
@208
	5;0;3
	5;1;4
	3;0;0;集めた春を返してくれる？
	2;0;1
	4;300
@209
	5;0;4
	5;1;3
	3;1;0;もう少しなのよ
	2;1;2
	4;300
@210
	5;0;4
	5;1;3
	3;1;0;もう少しで、西行妖（さいぎょうあやかし）
	3;1;1;が満開になるの
	2;1;2
	4;300
@211
	5;0;3
	5;1;4
	3;0;0;なんなのよ、西行妖って
	2;0;8
	4;300
@212
	5;0;4
	5;1;3
	3;1;0;うちの妖怪桜
	2;1;4
	4;300
@213
	5;0;4
	5;1;3
	3;1;0;この程度の春じゃ、この桜の封印が
	3;1;1;解けないのよ
	2;1;4
	4;300
@214
	5;0;3
	5;1;4
	3;0;0;わざわざ封印してあるんだから
	2;0;3
	4;300
@215
	5;0;3
	5;1;4
	3;0;0;それは、解かない方がいいんじゃないの？
	2;0;3
	4;300
@216
	5;0;3
	5;1;4
	3;0;0;なんの封印だか判らんし
	2;0;0
	4;300
@217
	5;0;4
	5;1;3
	3;1;0;結界乗り越えてきたあんたが言う事かしら
	2;1;3
	4;300
@218
	5;0;3
	5;1;4
	3;0;0;まぁいいや、封印解くとどうなるって
	3;0;1;いうの？
	2;0;0
	4;300
@219
	5;0;4
	5;1;3
	3;1;0;すごく満開になる
	2;1;2
	4;300
@220
	5;0;3
	5;1;4
	3;0;0;・・・
	2;0;8
	4;300
@221
	5;0;4
	5;1;3
	3;1;0;と同時に、何者かが復活するらしいの
	2;1;3
	4;300
@222
	5;0;3
	5;1;4
	3;0;0;興味本位で復活させちゃダメでしょ
	3;0;1;何者かわからんし
	2;0;9
	4;300
@223
	5;0;4
	5;1;3
	3;1;0;あら、私は興味本位で人も妖怪も死に
	3;1;1;誘えるわよ
	2;1;4
	4;300
@224
	5;0;3
	5;1;4
	3;0;0;反魂と死を同じに考えちゃダメでしょ
	2;0;8
	2;1;3
	4;300
@225
	5;0;3
	5;1;4
	3;0;0;面倒なものが復活したらどうするのよ
	2;0;1
	4;300
@226
	5;0;4
	5;1;3
	3;1;0;試して見ないと判らないわ
	2;1;2
	4;300
@227
	5;0;4
	5;1;3
	3;1;0;なんにしても、お呼ばれしてないあなたが
	2;1;4
	4;300
@228
	5;0;4
	5;1;3
	3;1;0;ここにいる時点で死んだも同然
	2;1;4
	4;300
@229
	5;0;4
	5;1;3
	3;1;0;というか、ここに居る事自体が
	3;1;1;死んだと言うことよ
	2;0;0
	2;1;2
	4;300
@230
	5;0;3
	5;1;4
	3;0;0;私は死んでもお花見が出来るのね
	2;0;1
	4;300
@231
	5;0;4
	5;1;3
	3;1;0;あなたが持っているなけなしの春
	3;1;1;があれば
	2;1;4
	4;300
@232
	5;0;4
	5;1;3
	3;1;0;本当の桜が見れるわ
	3;1;1;・・・何者かのオマケつきでね
	2;1;2
	4;300
@233
	5;0;3
	5;1;4
	3;0;0;さて、冗談はそこまでにして
	2;0;3
	4;300
@234
	5;0;3
	5;1;4
	3;0;0;幻想郷の春を返して貰おうかしら
	2;0;0
	4;300
@235
	5;0;4
	5;1;3
	3;1;0;最初からそう言えばいいのに
	2;1;3
	7;1
	4;300
@236
	5;0;3
	5;1;4
	3;0;0;最初から２番目位に言った
	2;0;0
	4;300
@237
	5;0;4
	5;1;3
	3;1;0;最後の詰めが肝心なのよ
	2;1;4
	4;300
@238
	5;0;3
	5;1;3
	3;0;0;花の下に還るがいいわ、春の亡霊！
	3;1;1;花の下で眠るがいいわ、紅白の蝶！
	2;0;1
	2;1;2
	4;400
	5;0;5
	5;1;5
	13;0
@268
	0
	13;1
@0
	0
entry 10
@0
	1;0;0
	2;0;8
	5;0;1
@60
	3;0;0;どこに行っても
	4;300
@61
	3;0;0;満開だな
	4;360
@62
	5;0;4
	3;1;0;まだまだ
	4;360
@63
	5;0;4
	3;1;0;あと少しなのよ
	4;360
@64
	5;0;3
	3;0;0;！
	4;360
	6
@194
	1;1;0
	2;1;2
	5;1;1
	5;0;4
	3;1;0;もう少し春があれば
	4;300
	5;0;4
	5;1;3
@195
	3;1;0;西行妖（さいぎょうあやかし）も
@196
	3;1;1;完全に咲くわ
	2;1;2
	8;1;0;　　 　幽冥楼閣の亡霊少女　　　　 
	8;1;1;西行寺 幽々子(さいぎょうじゆゆこ)
	4;300
	5;0;3
	5;1;4
@197
	3;0;0;持ってきたぜ
@198
	3;0;1;その、なけなしの春を
	2;0;0
	4;300
	5;0;4
	5;1;3
@199
	3;1;0;あら、あなたが妖夢の後継ぎかしら？
	2;1;3
	4;300
	5;0;3
	5;1;4
@200
	3;0;0;まさか、私はこんな辺鄙な処で
@201
	3;0;1;一生を終えたくないぜ
	2;0;1
	4;300
@202
	5;0;4
	5;1;3
	3;1;0;じゃ、代用品？
	2;1;2
	4;300
@203
	5;0;3
	5;1;4
	3;0;0;話を聞いてるのか？
	2;0;8
	4;300
@204
	5;0;4
	5;1;3
	3;1;0;聞いてるわよ
	2;1;3
	4;300
@205
	5;0;4
	5;1;3
	3;1;0;死ぬ時は桜の木の下で死にたい
	3;1;1;ってことでしょ
	2;1;2
	4;300
@206
	5;0;3
	5;1;4
	3;0;0;何を訳分らんことを言っているんだ？
	2;0;1
	4;300
@207
	5;0;4
	5;1;3
	3;1;0;とにかく、どうしても西行妖の封印を
	3;1;1;解きたいのよ
	2;1;4
	4;300
@208
	5;0;3
	5;1;4
	3;0;0;だから、させてやるぜ
	3;0;1;何か良い事あるのか？
	2;0;0
	4;300
@209
	5;0;4
	5;1;3
	3;1;0;さぁ
	2;1;2
	4;300
@210
	5;0;3
	5;1;4
	3;0;0;ただじゃ、渡せん
	2;0;1
	4;300
@211
	5;0;4
	5;1;3
	3;1;0;花見なんてどうかしら
	2;1;5
	4;300
@212
	5;0;4
	5;1;3
	3;1;0;うちの花見は賑やかで楽しいわよ
	2;1;4
	4;300
@213
	5;0;3
	5;1;4
	3;0;0;ちょっと前に、賑やかそうな奴らを
	3;0;1;倒して来たような・・・
	2;0;9
	4;300
@214
	5;0;4
	5;1;3
	3;1;0;なんにしても、冥界の桜は
	3;1;1;人間には目の毒かしら？
	2;1;2
	4;300
@215
	5;0;3
	5;1;4
	3;0;0;ああ、この辺は死臭でいっぱいだな
	2;0;0
	4;300
@216
	5;0;4
	5;1;3
	3;1;0;あら、あなたは目で臭いを嗅ぐのね
	2;1;3
	4;300
@217
	5;0;3
	5;1;4
	3;0;0;ああ、匂うな
	2;0;8
	4;300
@218
	5;0;3
	5;1;4
	3;0;0;こんな辛気臭い春も初めてだぜ
	2;0;0
	4;300
@219
	5;0;4
	5;1;3
	3;1;0;失礼ね
	2;1;4
	4;300
@220
	5;0;4
	5;1;3
	3;1;0;そんなここの春は、あなた達の住む
	3;1;1;幻想郷の春よ
	2;1;2
	4;300
@221
	5;0;3
	5;1;4
	3;0;0;失礼な
	2;0;8
	4;300
@222
	5;0;3
	5;1;4
	3;0;0;誰が、目で匂いを嗅ぐ！
	2;0;0
	4;300
@223
	5;0;4
	5;1;3
	3;1;0;会話がずれてるずれてる
	2;1;5
	4;300
@224
	5;0;3
	5;1;4
	3;0;0;あの世は音速が遅い
	2;0;0
	4;300
@225
	5;0;3
	5;1;4
	3;0;0;そんな音速の遅い処には
	3;0;1;この春はやれねぇな
	2;0;1
	4;300
@226
	5;0;4
	5;1;3
	3;1;0;それは残念
	2;1;3
	4;300
@227
	5;0;4
	5;1;3
	3;1;0;今度から、空気の温度を上げて
	3;1;1;話ますわ
	2;1;2
	7;1
	4;300
@228
	5;0;3
	5;1;4
	3;0;0;ついでで良いが・・・
	2;0;0
	4;300
@229
	5;0;4
	5;1;3
	3;1;0;でも、折角だし
	2;1;4
	4;300
@230
	5;0;3
	5;1;3
	3;0;0;辛気臭い春を返して貰うぜ、死人嬢！
	3;1;1;なけなしの春をいただくわ、黒い魔！
	2;0;1
	2;1;2
	4;400
	5;0;5
	5;1;5
	13;0
@260
	0
	13;1
@0
	0
entry 20
@0
	1;0;0
	2;0;8
	5;0;1
@60
	3;0;0;あの世には
	4;300
@61
	3;0;0;死人に口無し、という言葉は無いのか？
	4;360
@62
	5;0;4
	3;1;0;あら
	4;360
@63
	5;0;4
	3;1;0;もちろん、そんな言葉は無くてよ
	4;360
@64
	5;0;3
	3;0;0;！
	4;360
	6
@194
	1;1;0
	2;1;2
	5;1;1
	5;0;4
	3;1;0;あの世はいつも
	4;300
	5;0;4
	5;1;3
@195
	3;1;0;賑やかで華やかな処だわ
	2;1;2
	8;1;0;　　 　幽冥楼閣の亡霊少女　　　　 
	8;1;1;西行寺 幽々子(さいぎょうじゆゆこ)
	4;300
	5;0;3
	5;1;4
@196
	3;0;0;華やかなのは、幻想郷の春を奪った
@197
	3;0;1;からじゃなくて？
	2;0;0
	4;300
	5;0;4
	5;1;3
@198
	3;1;0;あら、春は嫌い？
	2;1;3
	4;300
	5;0;3
	5;1;4
@199
	3;0;0;好きだから怒ってる
	2;0;8
	4;300
@200
	5;0;3
	5;1;4
	3;0;0;何故、幻想郷の春度を奪った？
	2;0;8
	4;300
@201
	5;0;4
	5;1;3
	3;1;0;春なら何でも良かったんだけど
	2;1;3
	4;300
@202
	5;0;4
	5;1;3
	3;1;0;まだ、もう少し足りないのよ
	2;1;2
	4;300
@203
	5;0;3
	5;1;4
	3;0;0;・・・さっきの死人はあんたと私を
	3;0;1;闘わせたがってた様よ
	2;0;8
	4;300
@204
	5;0;4
	5;1;3
	3;1;0;もう少しで、最後の桜、西行妖
	3;1;1;（さいぎょうあやかし）が咲くの
	2;1;4
	4;300
@205
	5;0;4
	5;1;3
	3;1;0;それさえ咲けば、全ての疑問は解けるわ
	2;1;2
	4;300
@206
	5;0;3
	5;1;4
	3;0;0;その桜、枯れてるんじゃないの？
	2;0;1
	4;300
@207
	5;0;4
	5;1;3
	3;1;0;もう少しで咲きそうなの
	2;1;5
	4;300
@208
	5;0;4
	5;1;3
	3;1;0;きっと、妖夢はあなたの持つなけなしの春
	3;1;1;で、開花すると思ったのね
	2;1;4
	4;300
@209
	5;0;3
	5;1;4
	3;0;0;興味は無い
	2;0;1
	4;300
@210
	5;0;3
	5;1;4
	3;0;0;それより、ここに来るのに丸一日以上
	3;0;1;かかってしまったのが気になる
	2;0;0
	4;300
@211
	5;0;4
	5;1;3
	3;1;0;あら、すぐに帰してあげるわよ
	2;1;3
	4;300
@212
	5;0;4
	5;1;3
	3;1;0;あなたはまだお呼びではないし
	2;1;2
	4;300
@213
	5;0;3
	5;1;4
	3;0;0;さっきの訂正、ここに来るのじゃなくて
	2;0;8
	4;300
@214
	5;0;3
	5;1;4
	3;0;0;幻想郷を春にするの、だわ
	2;0;0
	4;300
@215
	5;0;4
	5;1;3
	3;1;0;あら、地上はまだ桜が咲かないのかしら？
	2;1;4
	4;300
@216
	5;0;3
	5;1;4
	3;0;0;桜どころか、福寿草も咲かないわ
	2;0;8
	4;300
@217
	5;0;4
	5;1;3
	3;1;0;それじゃぁ、心臓病の時困るわね
	2;1;5
	4;300
@218
	5;0;3
	5;1;4
	3;0;0;困らない
	2;0;0
	4;300
@219
	5;0;3
	5;1;4
	3;0;0;そもそも、家のお嬢様が心臓弱い
	3;0;1;訳ないし
	2;0;1
	4;300
@220
	5;0;4
	5;1;3
	3;1;0;それは残念ね
	2;1;3
	4;300
@221
	5;0;3
	5;1;4
	3;0;0;残念？
	3;0;1;まぁ、草の話はいいのよ
	2;0;1
	4;300
@222
	5;0;3
	5;1;4
	3;0;0;そろそろ暖気が欲しいのよ
	2;0;0
	4;300
@223
	5;0;3
	5;1;4
	3;0;0;返して貰おうかしら、暖気を
	2;0;1
	4;300
@224
	5;0;4
	5;1;3
	3;1;0;亡骸は一箇所に集めるから
	2;1;3
	7;1
	4;300
@225
	5;0;4
	5;1;3
	3;1;0;美しいのよ
	2;1;2
	4;300
@226
	5;0;4
	5;1;3
	3;1;0;春も桜も同じ・・・
	2;1;2
	4;300
@227
	5;0;3
	5;1;4
	3;0;0;そもそも亡骸は美しくないし
	2;0;0
	4;300
@228
	5;0;4
	5;1;3
	3;1;0;だからね
	2;1;4
	4;300
@229
	5;0;3
	5;1;3
	3;0;0;必ず地上で花見を行うわ、姫の亡骸！
	3;1;1;必ず封印を解いてみせる、悪魔の犬！
	2;0;1
	2;1;2
	4;400
	5;0;5
	5;1;5
	13;0
@259
	0
	13;1
@0
	0
entry 1
@0
	13;0
@120
	9;0
@180
	4;1200
	12
	14
@580
	11
	10
@0
	0
entry 11
@0
	13;0
@120
	9;0
@180
	4;1200
	12
	14
@580
	11
	10
@0
	0
entry 21
@0
	13;0
@120
	9;0
@180
	4;1200
	12
	14
@580
	11
	10
@0
	0
entry 2
@0
	13;0
	1;0;0
	2;0;0
	5;0;1
	1;1;0
	2;1;1
	5;1;1
@40
	5;0;4
	5;1;3
	3;1;0;これ以上踏み込んで
@120
	3;1;0;お嬢様に殺されても知らないわよ！
@210
	5;0;3
	5;1;4
	3;0;0;殺されるのはあんたじゃなくて？
@300
	5;0;5
	5;1;5
@330
	0
	13;1
@0
	0
entry 12
@0
	13;0
	1;0;0
	2;0;0
	5;0;1
	1;1;0
	2;1;1
	5;1;1
@40
	5;0;4
	5;1;3
	3;1;0;これ以上踏み込んで
@120
	3;1;0;お嬢様に殺されても知らないわよ！
@210
	5;0;3
	5;1;4
	3;0;0;そもそも、この先に行かないと
	3;0;1;この春は渡せないんだが
@300
	5;0;5
	5;1;5
@330
	0
	13;1
@0
	0
entry 22
@0
	13;0
	1;0;0
	2;0;0
	5;0;1
	1;1;0
	2;1;1
	5;1;1
@40
	5;0;4
	5;1;3
	3;1;0;これ以上踏み込んで
@120
	3;1;0;お嬢様に殺されても知らないわよ！
@210
	5;0;3
	5;1;4
	3;0;0;死人のくせに五月蝿いな
@300
	5;0;5
	5;1;5
@330
	0
	13;1
@0
	0
