entry 0
@0
	1;0;0
	2;0;0
	5;0;1
@60
	3;0;0;あの世くんだりまでやってきて
	4;400
@61
	3;0;0;目標が居なかったら退屈だわ
	4;360
	1;1;0
	2;1;4
	5;0;4
	3;1;0;おお？これは珍しい
	4;400
	6
@101
	5;0;4
	5;1;1
	5;1;3
@102
	3;1;0;こういう人間もこんな所にいるんだ
	2;1;4
	8;1;0;　　 すきま妖怪の式 　　
	8;1;1;八雲　藍（やくも　らん）
	4;400
	5;0;3
	5;1;4
@103
	3;0;0;こういうって何よ
	2;0;9
	4;400
	5;0;4
	5;1;3
@104
	3;1;0;見てのとおり
	3;1;1;赤かったり白かったりで目出度い人間
	2;1;5
	4;400
	5;0;3
	5;1;4
@105
	3;0;0;猫の次は狐・・・
@106
	3;0;1;何時からここは畜生界になったんでしょ
	2;0;0
	4;400
@107
	5;0;4
	5;1;3
	3;1;0;あ、お前が橙に酷い目に遭わせた
	3;1;1;人間だな？
	2;1;6
	4;400
@108
	5;0;3
	5;1;4
	3;0;0;そうだっけ？
	2;0;1
	4;400
@109
	5;0;4
	5;1;3
	3;1;0;橙は私の式神
	2;1;5
	4;400
@110
	5;0;4
	5;1;3
	3;1;0;今は回復して、もっと強くなっているわ
	2;1;5
	4;400
@111
	5;0;3
	5;1;4
	3;0;0;・・・強かったっけ？
	2;0;1
	4;400
@112
	5;0;3
	5;1;4
	3;0;0;って、あんたの式神？
	3;0;1;あんたが式神じゃないの？
	2;0;0
	4;400
@113
	5;0;4
	5;1;3
	3;1;0;私も式神
	2;1;4
	4;400
@114
	5;0;4
	5;1;3
	3;1;0;ご主人様はまだお休みですわ
	2;1;4
	4;400
@115
	5;0;3
	5;1;4
	3;0;0;やっぱり、あんたが目標ね
	2;0;0
	4;400
@116
	5;0;4
	5;1;3
	3;1;0;何か用？
	2;1;5
	4;400
@117
	5;0;3
	5;1;4
	3;0;0;冥界と顕界の境を修復・・・
	3;0;1;って
	2;0;0
	4;400
@118
	5;0;3
	5;1;4
	3;0;0;よく考えたら
	2;0;9
	4;400
@119
	5;0;3
	5;1;4
	3;0;0;直接用があるのは、あんたの使い手
	3;0;1;のような気もしてきた
	2;0;8
	4;400
@120
	5;0;4
	5;1;3
	3;1;0;ご主人様は冬眠中ですが
	2;1;4
	4;400
@121
	5;0;3
	5;1;4
	3;0;0;起こして
	2;0;0
	4;400
@122
	5;0;4
	5;1;3
	3;1;0;私は護衛でもあるわ
	2;1;4
	4;400
@123
	5;0;4
	5;1;3
	3;1;0;私の式神に酷い目を負わすような人を
	3;1;1;ご主人様に会わせる訳が無い
	2;1;6
	4;400
@124
	5;0;4
	5;1;3
	3;1;0;ここは、今度は強くなった橙に
	3;1;1;やられるがいいわ
	2;1;5
	4;400
@125
	5;0;3
	5;1;4
	3;0;0;猫なら、さっき遭ったけど・・・
	2;0;9
	4;400
@126
	5;0;4
	5;1;3
	3;1;0;なんだって？
	3;1;1;それでどうなったのよ
	2;1;6
	4;400
@127
	5;0;3
	5;1;4
	3;0;0;特に何も無かったかの様だったわ
	2;0;9
	4;400
@128
	5;0;4
	5;1;3
	3;1;0;まぁ、橙は病み上がりだから
	2;1;4
	4;400
@129
	5;0;3
	5;1;4
	3;0;0;さっきは、回復したっていってた癖に
	2;0;0
	4;400
@130
	5;0;4
	5;1;3
	3;1;0;ここは、私が橙の仇を取らなきゃいけない
	3;1;1;みたいね
	2;1;6
	4;400
@131
	5;0;3
	5;1;4
	3;0;0;さすがに、式神を倒せば
	2;0;3
	4;400
@132
	5;0;3
	5;1;4
	3;0;0;使い手も冬眠から目覚めるかしら
	2;0;3
	4;400
@133
	5;0;4
	5;1;3
	3;1;0;ご主人様は、春眠も暁を覚えずよ
	2;1;5
	4;400
@134
	5;0;3
	5;1;4
	3;0;0;まあ、取りあえずは
	3;0;1;目の前の障害から
	2;0;1
	4;400
	7;1
	4;400
@135
	5;0;4
	5;1;3
	3;1;0;私は橙とは桁が違くてよ
	3;1;1;色々と
	2;1;6
	4;400
	5;0;5
	5;1;5
	13;0
@165
	0
	13;1
@0
	0
entry 1
@0
	1;0;0
	2;0;0
	5;0;1
	1;1;0
	2;1;7
	5;1;1
@60
	5;0;3
	5;1;4
	3;0;0;式神風情が巫女に敵うと思って
	2;0;0
	4;400
@61
	5;0;4
	5;1;3
	3;1;0;私の式が通用しないなんて
	4;400
@62
	5;0;4
	5;1;3
	3;1;0;騙したわね～
	4;400
@63
	5;0;3
	5;1;4
	3;0;0;なにを？
	2;0;9
	4;400
@64
	5;0;4
	5;1;3
	3;1;0;てっきり人間だと思っていたのに
	4;400
@65
	5;0;3
	5;1;4
	3;0;0;人間だってば
	2;0;8
	4;400
@66
	5;0;3
	5;1;4
	3;0;0;ともかく、折角だから
	3;0;1;あなたの主に会わせて貰おうかしら
	2;0;0
	4;400
@67
	5;0;4
	5;1;3
	3;1;0;紫（ゆかり）様は、まだおやすみ中だわ
	4;400
@68
	5;0;3
	5;1;4
	3;0;0;まだ、って何時になったら
	3;0;1;目が覚めるのよ
	2;0;8
	4;400
@69
	5;0;3
	5;1;4
	3;0;0;もう、十分に春じゃない
	2;0;3
	4;400
@70
	5;0;4
	5;1;3
	3;1;0;紫様は冬も昼間も寝ているの
	3;1;1;こんな時間はまだ起きていない
	4;400
@71
	5;0;3
	5;1;4
	3;0;0;もう夜の帳も落ちる頃の様な気がして
	3;0;1;ならないけど・・・
	2;0;0
	4;400
@72
	5;0;4
	5;1;3
	3;1;0;私達にとって、本当の宵闇はこんなもん
	3;1;1;じゃないの
	4;400
@73
	5;0;4
	5;1;3
	3;1;0;人間が寝る時間が、本当の夜なのさ
	4;400
@74
	5;0;3
	5;1;4
	3;0;0;いいから、起こしてよ
	2;0;1
	4;400
@75
	5;0;4
	5;1;3
	3;1;0;といっても、紫様はここにはいないし～
	4;400
@76
	5;0;3
	5;1;4
	3;0;0;こいつはただの倒し損？
	2;0;0
	4;400
@77
	5;0;4
	5;1;3
	3;1;0;ただのやられ損？
	4;400
@78
	5;0;4
	5;1;3
	3;1;0;って、あなたの目的は何？
	4;400
@79
	5;0;3
	5;1;4
	3;0;0;えーと、冥界に迷惑な奴がいて、
	3;0;1;そいつが誰かの使い魔だから・・・
	2;0;0
	4;400
@80
	5;0;3
	5;1;4
	3;0;0;あ、目的はあんたを倒す事ね
	2;0;9
	4;400
@81
	5;0;4
	5;1;3
	3;1;0;しゅ～ん
	4;400
	13;0
@141
	9;0
	12
@201
	4;1200
	11
	10
@0
	0
entry 10
@0
	1;0;0
	2;0;0
	5;0;1
@60
	3;0;0;あー
	4;400
@61
	3;0;0;本当に騒がしいな
	4;360
	1;1;0
	2;1;4
	5;0;4
	3;1;0;今夜も、楽しい宴の準備～
	4;400
	6
@101
	5;0;4
	5;1;3
@102
	3;1;0;おおう、人間発見
	2;1;4
	8;1;0;　　 すきま妖怪の式 　　
	8;1;1;八雲　藍（やくも　らん）
	4;400
	5;0;3
	5;1;4
@103
	3;0;0;宴の準備が楽しいのか？
@104
	3;0;1;変った奴だな
	2;0;0
	4;400
	5;0;4
	5;1;3
@105
	3;1;0;何言ってるの
@106
	3;1;1;「楽しい宴」の準備さ
	2;1;5
	4;400
	5;0;3
	5;1;4
@107
	3;0;0;物事は準備が一番楽しい
	2;0;0
	4;400
	5;0;3
	5;1;4
@108
	3;0;0;いや、そういう奴も居るんでね
	2;0;1
	4;400
@109
	5;0;4
	5;1;3
	3;1;0;ところで、この辺で猫を見かけ
	3;1;1;なかったか？
	2;1;4
	4;400
@110
	5;0;4
	5;1;3
	3;1;0;準備はあいつの仕事なんだが
	2;1;5
	4;400
@111
	5;0;3
	5;1;4
	3;0;0;橙の事なら見かけなかったぜ
	2;0;0
	4;400
@112
	5;0;4
	5;1;3
	3;1;0;やっぱりお前だな？
	3;1;1;橙を酷い目にあわせた奴は
	2;1;6
	4;400
@113
	5;0;3
	5;1;4
	3;0;0;失礼な、酷い目に合わせたのではない
	2;0;3
	4;400
@114
	5;0;3
	5;1;4
	3;0;0;目も当てられない状態にしただけだぜ
	2;0;0
	4;400
@115
	5;0;4
	5;1;3
	3;1;0;橙は私の式神
	2;1;4
	4;400
@116
	5;0;4
	5;1;3
	3;1;0;式神ったって、安くは無い
	2;1;4
	4;400
@117
	5;0;3
	5;1;4
	3;0;0;式神が式神を使うのか
	2;0;0
	4;400
@118
	5;0;3
	5;1;4
	3;0;0;共喰いか？
	2;0;3
	4;400
@119
	5;0;4
	5;1;3
	3;1;0;誰が食べるなんて言ったのよ
	2;1;6
	4;400
@120
	5;0;3
	5;1;4
	3;0;0;とりあえず、お前を使ってる奴が
	3;0;1;居るはずなんだよな
	2;0;0
	4;400
@121
	5;0;3
	5;1;4
	3;0;0;それが橙とか
	2;0;1
	4;400
@122
	5;0;4
	5;1;3
	3;1;0;そんな訳無い
	2;1;5
	4;400
@123
	5;0;4
	5;1;3
	3;1;0;ご主人様は、ぐっすりお休みですわ
	2;1;5
	4;400
@124
	5;0;3
	5;1;4
	3;0;0;「式神を使える式神」を使う奴にも
	3;0;1;興味があるが
	2;0;0
	4;400
@125
	5;0;3
	5;1;4
	3;0;0;呼び出して貰えないか？
	2;0;9
	4;400
@126
	5;0;4
	5;1;3
	3;1;0;私は護衛でもあるわ
	2;1;4
	4;400
@127
	5;0;4
	5;1;3
	3;1;0;私の式神を目も当てられない状態にする
	3;1;1;人を、ご主人様に会わせる訳が無い
	2;1;6
	4;400
@128
	5;0;3
	5;1;4
	3;0;0;わかったぜ
	2;0;0
	7;1
	4;400
@129
	5;0;3
	5;1;4
	3;0;0;お前も目も当てられない状態にすれば
	3;0;1;良いんだな
	2;0;1
	4;400
@130
	5;0;4
	5;1;3
	3;1;0;何を分ったのか分らんが
	2;1;4
	4;400
@131
	5;0;4
	5;1;3
	3;1;0;目どころか、色々当てられない状態に
	3;1;1;してやるよ
	2;1;5
	4;400
	5;0;5
	5;1;5
	13;0
@161
	0
	13;1
@0
	0
entry 11
@0
	1;0;0
	2;0;0
	5;0;1
	1;1;0
	2;1;7
	5;1;1
@60
	5;0;3
	5;1;4
	3;0;0;さぁ、出て来い妖怪変化
	2;0;2
	4;400
@61
	5;0;4
	5;1;3
	3;1;0;げー、強い
	4;400
@62
	5;0;4
	5;1;3
	3;1;0;これじゃ、橙が敵わないのも無理はないか
	4;400
@63
	5;0;3
	5;1;4
	3;0;0;お前の主は何処に居る？
	2;0;0
	4;400
@64
	5;0;4
	5;1;3
	3;1;0;紫（ゆかり）様は、まだおやすみ中だ
	4;400
@65
	5;0;3
	5;1;4
	3;0;0;あー？
	2;0;8
	4;400
@66
	5;0;3
	5;1;4
	3;0;0;自分の式神が目も当てられない状態
	3;0;1;になっても、起きてこないのか？
	2;0;8
	4;400
@67
	5;0;3
	5;1;4
	3;0;0;起こせ
	2;0;8
	4;400
@68
	5;0;4
	5;1;3
	3;1;0;といっても、紫様はここにはいないし～
	4;400
@69
	5;0;3
	5;1;4
	3;0;0;遠隔操作型か？
	2;0;0
	4;400
@70
	5;0;3
	5;1;4
	3;0;0;それにしてはパワーが高い気がするが
	2;0;1
	4;400
@71
	5;0;4
	5;1;3
	3;1;0;何の話よ
	4;400
@72
	5;0;4
	5;1;3
	3;1;0;私は殆どの時間を式神の姿で暮らしている
	4;400
@73
	5;0;4
	5;1;3
	3;1;0;そんじょそこらの妖怪よりは強いはず
	4;400
@74
	5;0;3
	5;1;4
	3;0;0;とりあえず、お前には意味が無いことが
	3;0;1;分った
	2;0;1
	4;400
@75
	5;0;3
	5;1;4
	3;0;0;どうすれば、そいつは起きる？
	2;0;0
	4;400
@76
	5;0;4
	5;1;3
	3;1;0;夜になれば目が覚める
	4;400
@77
	5;0;4
	5;1;3
	3;1;0;私も殆ど寝てる姿しかみてないし
	4;400
@78
	5;0;3
	5;1;4
	3;0;0;夜まで待つか・・・
	2;0;0
	4;400
@79
	5;0;3
	5;1;4
	3;0;0;とりあえず、楽しい宴の準備は
	3;0;1;続けてくれて構わないぜ
	2;0;2
	4;400
@80
	5;0;4
	5;1;3
	3;1;0;しくしく
	4;400
	13;0
@140
	9;0
	12
@200
	4;1200
	11
	10
@0
	0
entry 20
@0
	1;0;0
	2;0;0
	5;0;1
@60
	3;0;0;改めて見てみると
	4;400
@61
	3;0;0;本当に広い庭だわ
	4;360
@62
	1;1;0
	5;0;4
	3;1;0;人間の匂いがする～
	4;400
	6
@102
	5;0;4
	5;1;3
@103
	3;1;0;違った
	2;1;4
	8;1;0;　　 すきま妖怪の式 　　
	8;1;1;八雲　藍（やくも　らん）
	4;400
	5;0;3
	5;1;4
@104
	3;0;0;違わない
	2;0;8
	4;400
	5;0;4
	5;1;3
@105
	3;1;0;見た感じ、生きているようだが
	2;1;5
	4;400
	5;0;4
	5;1;3
@106
	3;1;0;あなたは死んでいるのか？
	2;1;4
	4;400
	5;0;3
	5;1;4
@107
	3;0;0;見た感じで結構だけど
	2;0;0
	4;400
	5;0;3
	5;1;4
@108
	3;0;0;あなたは見た感じ、狐に見える
	2;0;1
	4;400
@109
	5;0;4
	5;1;3
	3;1;0;あなたは見た感じ、犬に見える
	2;1;6
	4;400
@110
	5;0;3
	5;1;4
	3;0;0;見た感じで物を言うな
	2;0;8
	4;400
@111
	5;0;4
	5;1;3
	3;1;0;私も畜生どもと一緒にされたくはない
	2;1;6
	4;400
@112
	5;0;4
	5;1;3
	3;1;0;私はとある方の式神
	2;1;5
	4;400
@113
	5;0;4
	5;1;3
	3;1;0;式神とはいえ、そんじょそこらの妖怪より
	3;1;1;力はある
	2;1;4
	4;400
@114
	5;0;4
	5;1;3
	3;1;0;ましては、人間や犬なんて
	2;1;6
	4;400
@115
	5;0;3
	5;1;4
	3;0;0;式神も狐も猫も大差ないわよ
	2;0;3
	4;400
@116
	5;0;4
	5;1;3
	3;1;0;どこから猫が出てきたんだ？
	2;1;4
	4;400
@117
	5;0;3
	5;1;4
	3;0;0;ちょっと前に階段の脇から
	2;0;0
	4;400
@118
	5;0;4
	5;1;3
	3;1;0;飛躍しすぎ、何の話よ
	2;1;6
	4;400
@119
	5;0;3
	5;1;4
	3;0;0;今度は、また階段の脇から狐よ
	2;0;1
	4;400
@120
	5;0;3
	5;1;4
	3;0;0;ここは大自然がいっぱいね
	2;0;3
	4;400
@121
	5;0;4
	5;1;3
	3;1;0;・・・橙に遭った？
	2;1;5
	4;400
@122
	5;0;4
	5;1;3
	3;1;0;丁度、探しているところだったのよ
	2;1;4
	4;400
@123
	5;0;4
	5;1;3
	3;1;0;あいつは、落ち着きが無いから
	3;1;1;すぐ居なくなるのよねぇ
	2;1;6
	4;400
@124
	5;0;3
	5;1;4
	3;0;0;大変残念ですが
	2;0;9
	4;400
@125
	5;0;3
	5;1;4
	3;0;0;猫は山へ洗濯にいきました
	2;0;1
	4;400
@126
	5;0;4
	5;1;3
	3;1;0;へぇ、そうなの
	2;1;4
	4;400
@127
	5;0;4
	5;1;3
	3;1;0;私も丘に帰ろうかしら
	2;1;5
	4;400
@128
	5;0;3
	5;1;4
	3;0;0;狐死してきゅう（丘）にしゅ（首）す
	2;0;0
	7;1
	4;400
@129
	5;0;3
	5;1;4
	3;0;0;ここは「あの世」
	3;0;1;丁度良かったわね
	2;0;1
	4;400
@130
	5;0;4
	5;1;3
	3;1;0;ふん
	3;1;1;橙を苛めたのお前だろ？
	2;1;6
	4;400
@131
	5;0;4
	5;1;3
	3;1;0;橙は私の式神だ
	3;1;1;その仇は取らないとな
	2;1;4
	4;400
@132
	5;0;3
	5;1;4
	3;0;0;猫は妖怪の式神の式神か・・・
	3;0;1;そんな程度じゃないかと思ったよ
	2;0;0
	4;400
	5;0;5
	5;1;5
	13;0
@162
	0
	13;1
@0
	0
entry 21
@0
	1;0;0
	2;0;0
	5;0;1
	1;1;0
	2;1;7
	5;1;1
@60
	5;0;3
	5;1;4
	3;0;0;さぁ、丘でも何処へでも帰りなさい
	2;0;2
	4;400
@61
	5;0;4
	5;1;3
	3;1;0;強い・・・
	4;400
@62
	5;0;4
	5;1;3
	3;1;0;今ごろ、橙も式が落ちてへこたれてるん
	3;1;1;だろうなぁ
	4;400
@63
	5;0;3
	5;1;4
	3;0;0;とりあえずは、迷惑かける奴は
	3;0;1;退治したけど
	2;0;0
	4;400
@64
	5;0;3
	5;1;4
	3;0;0;迷惑の主が居るみたいなんだけどなぁ
	2;0;1
	4;400
@65
	5;0;4
	5;1;3
	3;1;0;紫（ゆかり）様～
	4;400
@66
	5;0;4
	5;1;3
	3;1;0;そろそろ、私だけでは限界ですぅ
	4;400
@67
	5;0;3
	5;1;4
	3;0;0;迷惑の限界？
	2;0;9
	4;400
@68
	5;0;3
	5;1;4
	3;0;0;あなたのご主人様は
	2;0;8
	4;400
@69
	5;0;3
	5;1;4
	3;0;0;自分の式神を放っておいて、何をしてるの
	3;0;1;かしら？
	2;0;8
	4;400
@70
	5;0;4
	5;1;3
	3;1;0;寝てる
	4;400
@71
	5;0;3
	5;1;4
	3;0;0;起こせ
	2;0;1
	4;400
@72
	5;0;4
	5;1;3
	3;1;0;起こすには丘へ帰らないと
	4;400
@73
	5;0;3
	5;1;4
	3;0;0;ここには居ないの・・・
	2;0;0
	4;400
@74
	5;0;3
	5;1;4
	3;0;0;迷惑な式神を使う迷惑な式神の主は
	2;0;1
	4;400
@75
	5;0;3
	5;1;4
	3;0;0;さぞかし迷惑な奴なんでしょうな
	2;0;3
	4;400
@76
	5;0;4
	5;1;3
	3;1;0;・・・否定はしまい
	4;400
@77
	5;0;3
	5;1;4
	3;0;0;とりあえず、起きたらまた来てあげますわ
	2;0;1
	4;400
@78
	5;0;3
	5;1;4
	3;0;0;それまでに、ちゃんと起こしておくこと
	2;0;0
	4;400
@79
	5;0;4
	5;1;3
	3;1;0;言ってることがおかしくないか？
	4;400
@80
	5;0;3
	5;1;4
	3;0;0;いいから、起こせ
	2;0;1
	4;400
@81
	5;0;4
	5;1;3
	3;1;0;しくしく
	4;400
	13;0
@141
	9;0
	12
@201
	4;1200
	11
	10
@0
	0
entry 2
@0
	13;0
	1;0;0
	2;0;0
	5;0;1
	1;1;0
	2;1;1
	5;1;1
@40
	5;0;4
	5;1;3
	3;1;0;ここで遭ったが百年目
@120
	3;1;0;今日は憑きたての
@210
	3;1;0;ほやほやだよ！
@300
	3;0;0;どの辺がほやほや？
	5;0;3
	5;1;4
@400
	5;0;5
	5;1;5
@430
	0
	13;1
@0
	0
entry 12
@0
	13;0
	1;0;0
	2;0;0
	5;0;1
	1;1;0
	2;1;1
	5;1;1
@40
	5;0;4
	5;1;3
	3;1;0;ここで遭ったが百年目
@120
	3;1;0;今日は憑きたての
@210
	3;1;0;ほやほやだよ！
@300
	3;0;0;まだ、十日位だ
	5;0;3
	5;1;4
@400
	5;0;5
	5;1;5
@430
	0
	13;1
@0
	0
entry 22
@0
	13;0
	1;0;0
	2;0;0
	5;0;1
	1;1;0
	2;1;1
	5;1;1
@40
	5;0;4
	5;1;3
	3;1;0;ここで遭ったが百年目
@120
	3;1;0;今日は憑きたての
@210
	3;1;0;ほやほやだよ！
@300
	3;0;0;いつぞやの猫。死んだのか？
	5;0;3
	5;1;4
@400
	5;0;5
	5;1;5
@430
	0
	13;1
@0
	0
