entry 0
@0
	1;0;1
@60
	15;0;6;-1;-1;-1
	16;ほら何も無いじゃないの！
	4;500
	1;1;1
@61
	15;1;2;5;-1;-1
	16;まだ、夜は始まったばっかよ。
	16;焦らないの。
	4;500
@62
	17;0;7
	16;焦って私を連れ出しておいて
	16;焦らないも何も無いでしょ？
	4;500
@63
	17;0;6
	16;報酬は高く付くから覚えときなさい。
	4;500
	15;2;-2;-2;-1;-1
	3;2;0;って、さっきから何にも無いって……
@64
	4;60
	13;0
	6
@124
	1;2;2
	13;1
	15;2;-2;-2;6;-1
	3;2;1;私が居たでしょ！
	8;2;0;　闇に蠢く光の虫　
	4;500
@125
	17;1;8
	16;心配しなくても……
@126
	4;500
	15;1;7;5;6;-1
	16;報酬は払うわよ。
	16;あなたじゃあるまいし。
@127
	4;500
	15;2;-2;-2;2;-1
	16;ちょっとちょっとちょっと。
@128
	4;500
	15;2;-2;-2;2;-1
	16;私を無視するとはいい度胸だわ。
@129
	4;500
	15;2;-2;2;3;-1
	16;それなりの覚悟が出来てるんでしょうね！
@130
	4;500
	15;0;7;-2;-2;-1
	16;洒落かしら？
@131
	4;500
	15;1;-2;7;-2;-1
	16;洒落なの？
@132
	4;500
	15;0;2;2;-2;-1
	16;そう言えば、夜に出歩くのに
	16;大事な物置いて来ちゃった。神社に。
@133
	4;500
	15;2;-2;-2;2;-1
	16;？
@134
	4;500
	15;1;2;3;-2;-1
	16;あなたの言いたい事は判ったわ。
	16;蚊取り線香でしょ？
@135
	4;500
	15;2;-2;-2;6;-1
	16;蛍だってば！
@136
	4;500
	7;1
	5;0;5
	5;1;5
	5;2;5
	13;0
@166
	0
	13;1
@0
	0
entry 1
@0
	1;0;1
	1;1;1
@60
	15;1;4;5;-1;-1
	16;ほんと、夜は虫が多くて嫌よねぇ。
	4;500
@61
	17;0;7
	16;夜しか起きていない奴が何を言うのよ。
	4;500
@62
	17;1;3
	16;ええ、夜の方が自然が豊かってことよ。
	4;500
@63
	17;0;2
	16;最近、蛍も増えたわね……
	16;何だか外の世界がちょっと心配だわ。
	4;500
@64
	17;1;9
	16;判ってるじゃないの。
	16;でも、心配するなんてあなたらしくないわ。
@65
	4;500
	13;0
@125
	9;0
	12
@185
	4;800
	11
	10
@0
	0
