entry 0
@0
	1;0;1
@60
	15;0;2;-1;-1;-1
	16;さあ、出て来い！
	16;そこに隠れる闇に蠢くものよ。
	4;500
	1;1;1
@61
	15;1;-2;2;-1;-1
	16;妖夢、おいてかないでよー…
	4;500
@62
	15;0;2;-2;-1;-1
	16;何言ってるんですか、夜は短いのですよ！
	4;500
@63
	15;0;3;-2;-1;-1
	16;早く敵を見つけて斬り潰すのです。
	4;500
@64
	15;1;-2;-2;-1;-1
	16;いや、そうじゃなくて……。
	4;500
@65
	15;2;-2;-2;-1;-1
	16;斬り潰すって……
	4;60
	13;0
	6
@125
	1;2;2
	13;1
	15;2;2;2;6;-1
	16;斬るか潰すかどっちかにしてよ！
	8;2;0;　闇に蠢く光の虫　
	8;2;1;リグル・ナイトバグ
@126
	4;500
	15;0;2;-2;-2;-1
	16;さぁ、斬られる前か潰される前に、
	16;どこに行けば良いのか言いなさい！
@127
	4;500
	15;1;-2;2;-2;-1
	16;妖夢のそれは、夜明けのテンションよ。
@128
	4;500
	15;1;-2;2;-2;-1
	16;おいてかないで、って言ったじゃない。
	16;まだ夜は始まったばっかよ。
@129
	4;500
	15;2;-2;-2;6;-1
	16;なんなのよ、こいつら。
@130
	4;500
	15;1;-2;9;-2;-1
	16;あれ？
	16;目の前に大きな蛍が居るわよ。
@131
	4;500
	15;0;8;-2;-2;-1
	16;気付いて無かったのですか……
@132
	4;500
	15;1;-2;4;2;-1
	16;蛍見も良いわね。
	16;妖夢、寄り道していかない？
@133
	4;500
	15;0;6;-2;-2;-1
	16;今のどこにそんな時間があるのです！
	16;虫なんてこの楼観剣で……
@134
	4;500
	15;2;-2;-2;6;-1
	16;そうやって話している時間が一番長い！
@135
	4;500
	15;2;-2;-2;3;-1
	16;蛍様が出て喜ばない奴なんて、
	16;久しぶりに見たよ！
@136
	4;500
	7;1
	5;0;5
	5;1;5
	5;2;5
	13;0
@166
	0
	13;1
@0
	0
entry 1
@0
	1;0;1
	1;1;1
@60
	15;0;8;2;-1;-1
	16;幽々子さまは、狙いを定めないから
	16;敵を討つのに時間がかかるのです。
	4;500
@61
	17;1;5
	16;あら、急がば回れ、って言葉知ってる？
	4;500
@62
	17;0;9
	16;あぁ、急いでるんでしたね。
	16;結局、次はどこに行けば良いのでしょうか？
	4;500
@63
	17;1;3
	16;どう？
	16;この枝が倒れた方に進んでみない？
	4;500
@64
	17;0;3
	16;そんなんでいいんですか……。
	4;500
@65
	17;0;8
	16;って、そんなに傾けてたら、手を放す前に
	16;倒れる向きが決まっていますよ。
	4;500
@66
	17;1;2
	16;くるくるくる～、っと。
@67
	4;500
	13;0
@127
	9;0
	12
@187
	4;800
	11
	10
@0
	0
