entry 0
@0
	1;1;1
@60
	15;1;2;8;-1;-1
	16;咲夜、別に付いて来いとは言ってないわ。
	4;500
	1;0;1
@61
	15;0;2;-2;-1;-1
	16;何言ってるのですか、私は心配してるのですよ。
	4;500
@62
	15;0;8;-2;-1;-1
	16;また、さっきみたいな虫が現れたら……
	4;500
	15;2;-2;-2;-1;-1
	16;現れたら、って時は現れるのよ！
@63
	4;60
	13;0
	6
@123
	1;2;2
	13;1
	15;2;2;2;3;-1
	16;さぁ、現れたわ。
	16;そのお嬢様を渡して貰おうかしら！
	8;2;0;　闇に蠢く光の虫　
	8;2;1;リグル・ナイトバグ
@124
	4;500
	15;0;8;-2;-2;-1
	16;現れたら……、虫が可哀相でしょ？
@125
	4;500
	15;0;8;-2;-2;-1
	16;五分の虫にも一分の魂でしたっけ？
@126
	4;500
	15;1;8;7;-2;-1
	16;八割減ね。
@127
	4;500
	15;2;-2;-2;6;-1
	16;もしかして、物騒な話？
@128
	4;500
	15;0;2;-2;-2;-1
	16;いえ、殺生な話。
@129
	4;500
	15;1;-2;8;-2;-1
	16;良いのよ、私は人間以外には興味が無いから。
@130
	4;500
	15;0;8;-2;-2;-1
	16;興味が無いから心配なのですよ。
@131
	4;500
	15;0;2;-2;-2;-1
	16;人間なら食料で済むかも知れないけど、
	16;それ以下だと……。
@132
	4;500
	15;0;8;-2;-2;-1
	16;はぁ、無慈悲にも程があります。
@133
	4;500
	15;2;8;2;2;-1
	16;ひぇぇ
@134
	4;500
	7;1
	5;0;5
	5;1;5
	5;2;5
	13;0
@164
	0
	13;1
@0
	0
entry 1
@0
	1;0;1
	1;1;1
@60
	15;0;5;2;-1;-1
	16;あーあ。
	16;最近、蛍も増えてきて綺麗ですね。
	4;500
@61
	17;1;8
	16;咲夜、その感嘆符と内容が合っていないわ。
	4;500
@62
	17;0;4
	16;途中で話題を変えたのですよ。お嬢様。
	4;500
@63
	17;1;2
	16;後半しか伝わらなかったわ。
	16;何が言いたかったのかしらね。
@64
	4;500
	13;0
@124
	9;0
	12
@184
	4;800
	11
	10
@0
	0
