entry 0
@0
	1;0;1
	2;0;2
	5;0;1
@60
	15;0;2;-1;-1;-1
	16;ああ、月が綺麗だな。
	4;500
@61
	1;1;1
	15;1;2;9;-1;-1
	16;えっ、あんたにはそう見えるの？
	4;500
@62
	15;0;5;-2;-1;-1
	16;ふん、綺麗じゃないか。
	16;こういう月ってなんていったっけ？待宵？
	4;500
@63
	15;1;-2;6;-1;-1
	16;呑気で良いわね。
	16;月見が楽しめて、人手が足りてたら……
	4;500
@64
	15;1;-2;6;-1;-1
	16;あんたなんか絶対に連れ出さないわよ。
	4;500
	15;2;-2;-2;-1;-1
	16;月の見える夜は楽しまないと駄目じゃない。
@65
	4;60
	13;0
	6
@125
	1;2;2
	13;1
	15;2;2;2;2;-1
	16;ねぇ。お二方。
	8;2;0;　闇に蠢く光の虫　
	8;2;1;リグル・ナイトバグ
@126
	4;500
	15;0;5;2;2;-1
	16;楽しんでるぜ。私はな。
@127
	4;500
	15;1;-2;6;2;-1
	16;あら、私も楽しんでるわよ。
	16;魔理沙、あなた以上はね。
@128
	4;500
	15;2;-2;-2;6;-1
	16;さっきといってる事が違うじゃん。
@129
	4;500
	15;1;-2;8;6;-1
	16;違うの。
	16;私が楽しんでるのは月見じゃなくて、
@130
	4;500
	15;0;5;-2;2;-1
	16;蛍見、だろう？
@131
	4;500
	15;1;-2;8;2;-1
	16;惜しいわね。あなたにしては。
@132
	4;500
	15;2;-2;8;3;-1
	16;……来ないのなら私から行くよ！
@133
	4;500
	15;1;5;3;-2;-1
	16;蛍狩よ。
@134
	4;500
	7;1
	5;0;5
	5;1;5
	5;2;5
	13;0
@164
	0
	13;1
@0
	0
entry 1
@0
	1;0;1
	1;1;1
@60
	15;0;7;4;-1;-1
	16;蛍狩って蛍を捕まえる事であって、
	16;やっつける事じゃないぜ。
	4;500
@61
	17;1;6
	16;私は捕まえる気だったのに、あんたが
	16;潰したんでしょ？
	4;500
@62
	17;0;2
	16;ったく、やれやれだぜ……
	4;500
@63
	17;0;2
	16;私は蛍を避けただけだ。勘違いするな。
@64
	4;500
	13;0
@124
	9;0
	12
@184
	4;800
	11
	10
@0
	0
