entry 0
@0
	1;2;2
@60
	17;2;9
	16;ちょ、ちょっと待って～！
	4;500
	1;0;1
	1;1;1
	17;0;2
	16;急いでるのよ。
	16;動きながらなら聞いてあげるわ。
	4;500
	17;2;9
	16;言っても止まらないくせに。
	16;でも、人間と蝙蝠。不思議な組み合わせね。
@61
	4;500
	17;2;2
	16;人間は欲しいけど、そいつはいらない。
	8;2;0;ミスティア・ローレライ
@62
	4;500
@63
	17;1;5
	16;ふん。餓鬼が夜遊びか？
	4;500
	17;2;9
	16;勿論、夜遊びよ。
	16;良い子の昼間はおねむの時間。
@64
	4;500
	17;2;3
	16;夜は人狩りサービスタイムよ。
@65
	4;500
@66
	17;1;3
	16;悪いけど急いでるんだ。
	16;さっさとやられてくれないか？
	4;500
	17;2;6
	16;ちょっと待って、って言ってるでしょ？
@67
	4;500
	17;0;8
	16;お嬢様。
@68
	4;500
	17;0;2
	16;この程度の奴相手にしていると、きりが
	16;無いですわ。
@69
	4;500
	17;1;2
	16;そうね。
@70
	4;500
	17;2;6
	16;まったく、ふざけてるわね！
@71
	4;500
	17;2;6
	16;夜に飛ぶ鳥を恐れた事は無いのかしら？
@72
	4;500
	17;1;2
	16;フライドチキン、でしょ？
	16;私は人間がいいわ。
@73
	4;500
	17;0;7
	16;（何が良いのかしら？）
	16;お嬢様、flyはフライドに変形しません。
@74
	4;500
	17;2;3
	16;なんでもいいわ。
	16;私が本当の闇夜の恐怖を教えてあげる！
@75
	4;500
	17;0;8
	16;闇夜の恐怖、ねぇ……
@76
	4;500
	7;1
	5;0;5
	5;1;5
	5;2;5
	13;0
@106
	0
	13;1
@0
	0
entry 1
@0
	1;0;1
	1;1;1
@60
	15;1;4;5;-1;-1
	16;さぁ、咲夜。そいつをフライにするか、
	16;それとも先に進むか、どっちが良い？
@61
	4;500
	17;0;7
	16;フライは後にして、先に進みましょう。
	16;夜は短いのですよ。
@62
	4;500
	17;0;2
	16;そういえば、なんでこっちに向ってる
	16;んでしょうか？
@63
	4;500
	17;1;3
	16;ん？、燃料補給。
@64
	4;500
	17;0;2
	16;……
@65
	4;500
	13;0
@125
	9;0
	12
@185
	4;800
	11
	10
@0
	0
