entry 0
@0
	1;2;2
@60
	17;2;9
	16;ちょ、ちょっと待って～！
	4;500
	1;0;1
	1;1;1
@61
	17;0;2
	16;あんた邪魔だって。
	4;500
	17;2;2
	16;あなた達には私の歌声が届かないのかしら？
@62
	4;500
	17;2;2
	16;もしかして人間じゃ無いの？
	8;2;0;ミスティア・ローラレイ
@63
	4;500
@64
	17;1;9
	16;夜だというのに、雀の鳴き声がするわ。妖夢。
	4;500
	17;0;8
	16;幽々子さま。
	16;この鳴き声に惑わされないで下さい。
@65
	4;500
	17;0;2
	16;これは夜雀の鳴き声。
	16;最も不吉な音です。
@66
	4;500
	17;2;6
	16;不吉なんて失礼ね。
@67
	4;500
	17;2;6
	16;それに、幽霊が出る音よりはなんぼか
	16;マシでしょ？
@68
	4;500
@69
	17;1;5
	16;ええそうねぇ、比べ物になりませんわ。
	4;500
	17;0;8
	16;否定して下さいよ～。
@70
	4;500
	17;1;9
	16;妖夢ほら、鳴き声がまた強くなってきたわ。
	16;何処から聞こえてるのかしら。
@71
	4;500
	17;2;2
	16;ああもう、人間でも人間だった奴でもいいや
@72
	4;500
	17;2;2
	16;これから、楽しい妖怪祭りが始まるよ。
@73
	4;500
	17;1;5
	16;さぁ妖夢、先を急ぎましょうか。
@74
	4;500
	17;0;9
	16;え？えぇ、そうですね。そうですけど。
	16;それにはまず、目の前の鳥を落とさないと。
@75
	4;500
	17;1;2
	16;雀は小骨が多くて嫌いなの。
@76
	4;500
	17;2;3
	16;通すもんか！
@77
	4;500
	7;1
	5;0;5
	5;1;5
	5;2;5
	13;0
@107
	0
	13;1
@0
	0
entry 1
@0
	1;0;1
	1;1;1
@60
	15;0;2;5;-1;-1
	16;夜雀が出たって事は、じきに妖怪か何か
	16;が集まってきます。
@61
	4;500
	17;0;2
	16;その前にここを去りましょう。
	16;先を急ぎますよ。
@62
	4;500
	17;1;8
	16;ちょっと待って。小骨が……
@63
	4;500
	17;0;7
	16;さっき、嫌いって言ってたじゃないですか。
@64
	4;500
	17;1;2
	16;妖夢、好き嫌いは良くないわ。
@65
	4;500
	13;0
@125
	9;0
	12
@185
	4;800
	11
	10
@0
	0
