entry 0
@0
	1;2;2
@60
	15;0;2;2;9;-1
	17;2;9
	16;ちょ、ちょっと待って～！
	4;500
	1;0;1
	1;1;1
	15;0;2;2;-2;-1
	16;あー？
	4;500
	17;2;9
	16;こんな夜中に何処に行こうっての？
	8;2;0;ミスティア・ローラレイ
@61
	4;500
@62
	4;500
@63
	17;0;5
	16;毎年恒例の妖怪退治強化月間だ。
	16;妖怪の居る所なら何処にでも出かけるぜ。
	4;500
	17;2;3
	16;それは何？
	16;私に喧嘩を売ってるの？
@64
	4;500
@65
	17;1;5
	16;魔理沙が妖怪退治なんて滑稽だわ。
	4;500
@66
	17;0;6
	16;おお？
	16;私の妖怪退治の腕を知らないのか？
	4;500
@67
	17;0;3
	16;私が魔砲を放った後には、妖怪どころか
	16;人間も残らない。
	4;500
	17;2;6
	16;そこの人間。
@68
	4;500
	17;2;6
	16;私の事、知らないのかしら。
@69
	4;500
	17;0;6
	16;あー？
@70
	4;500
	17;2;2
	16;夜の道で私を恐れない人間はいないわ。
@71
	4;500
	17;2;2
	16;その気になれば、人間なんか全滅する
	16;位の多くの妖怪も呼べるわよ。
@72
	4;500
	17;1;6
	16;……ふん、この夜雀風情が何を言うの。
@73
	4;500
	17;0;3
	16;はっはっは～
@74
	4;500
	17;0;3
	16;この私が誰だか知らないと見える。
@75
	4;500
	17;1;7
	16;人間でしょ？
@76
	4;500
	17;2;8
	16;人間。
@77
	4;500
	17;1;2
	16;人間三昧。
@78
	4;500
	17;0;8
	16;いやまぁ。
@79
	4;500
	17;2;2
	16;いい？
	16;お前達は今夜から……
@80
	4;500
	17;2;3
	16;夜は目が見えなくなるよ。
@81
	4;500
	7;1
	5;0;5
	5;1;5
	5;2;5
	13;0
@111
	0
	13;1
@0
	0
entry 1
@0
	1;0;1
	1;1;1
@60
	15;0;4;5;-1;-1
	16;あー良く見える。
	16;どんな暗闇もばっちりだぜ。
@61
	4;500
	17;1;6
	16;ああもう！
	16;こんな雑魚にかまってないで先急ぐわよ！
@62
	4;500
	17;0;8
	16;それはそうと何処向ってるんだよ。
	16;そっちに敵が居るわけ無いだろ……
@63
	4;500
	17;1;2
	16;でも、あっちの方から妖気を感じるのよ。
@64
	4;500
	17;0;2
	16;そっちは人間しかいないぜ。
	16;私の様に善良な。
@65
	4;500
	13;0
@125
	9;0
	12
@185
	4;800
	11
	10
@0
	0
