entry 0
@0
	15;2;-1;-1;-1;-1
@60
	15;2;-1;-1;-1;-1
	16;動くと撃つ！
@61
	4;60
	13;0
	6
@121
	1;2;2
	13;1
	17;2;6
	16;間違えた。
	16;撃つと動くだ。私が動く。
	4;500
	1;0;1
	1;1;1
	15;0;2;2;-2;-1
	16;何？
	16;こんなところで遭うなんて珍しい。
	4;500
@122
	17;2;2
	16;さぁな。私はいつも通り、迷惑な妖怪を退治
	16;しているだけだぜ。
	8;2;0;魔理沙
	4;500
@123
	17;0;7
	16;迷惑って、誰がこんなことしたか知ってるの？
	4;500
@124
	17;1;8
	16;だからー、普通は判るわ。
	4;500
@125
	17;2;6
	16;そりゃ判るぜ。
	16;こんな所に妖気集めた奴が飛んでいればな。
	4;500
@126
	17;2;2
	16;明日は待ちにまったお月見の日だ。
	16;今日の月なんてもう見飽きたぜ。
	4;500
@127
	17;1;6
	16;あら、判って無さそうね。
	4;500
@128
	17;1;2
	16;夜を止めているのは私達。
	4;500
@129
	17;2;8
	16;お前達だろ？
	4;500
@130
	17;2;6
	16;だからやっつけに来たんじゃないか。
	4;500
@131
	17;0;2
	16;そこの黒いの。
	16;後ろの歪な月を見て何も感じないのか？
	4;500
@132
	17;2;8
	16;もう見飽きたって言っただろ？
	4;500
@133
	17;0;3
	16;現実に目を背けるな。
	7;1
	4;500
@134
	17;0;5
	16;こうしている間にもあの歪な月は沈む。
	4;500
@135
	17;0;2
	16;放っておけば大変な事になるのが
	16;判らんのか？
	4;500
@136
	17;2;6
	16;あー？夜が終らない方が大変だぜ。
	4;500
@137
	17;2;8
	16;竹だって、一日が終らなければ永遠に成長
	16;するかも知れない。
	4;500
@138
	17;2;2
	16;それこそ月まで、でもな。
	4;500
@139
	17;1;6
	16;出る杭は打たれるの。
	16;あれ？打つと動くんだったっけ？
	4;500
@140
	17;2;3
	16;ああ、動くぜ。
	16;夜が明けるまで動いてやるぜ。
	4;500
	5;0;5
	5;1;5
	5;2;5
	13;0
@170
	0
	13;1
@0
	0
entry 1
@0
	1;0;1
	1;1;1
	1;2;2
@60
	15;0;4;8;10;-1
	16;とんだ無駄な時間を過ごしてしまった。
	4;500
@61
	17;1;2
	16;幽霊に無駄な時間なんて無いの。
	16;全ては筋書き通り。
	4;500
@62
	17;2;-2
	16;くそ。
	16;一体、何だと言うんだ？
	4;500
@63
	17;1;3
	16;一瞬も全て。全ても一瞬。
	16;あなたと遊んでいる時間も必然よ。
	4;500
@64
	17;0;3
	16;あれ？
	16;竹林の奥に大きな屋敷が見えます。
	4;500
@65
	17;1;2
	16;妖夢。
	16;判らない方がおかしいって言ってたでしょ？
	4;500
@66
	17;1;3
	16;そこに居るわよ。
	16;探していた龍料理が。
	4;500
	13;0
@126
	9;0
	12
@186
	4;800
	11
	10
@0
	0
entry 2
@0
	1;0;1
	1;1;1
@60
	15;0;2;2;-1;-1
	16;幽々子さま、逃げましたよ。
	16;追いますか？
	4;500
@61
	17;1;2
	16;困ったわね。
	16;私達もあっちに向ってるんだけど……。
	4;500
	5;0;5
	5;1;5
	13;0
@91
	0
	13;1
@0
	0
entry 3
@0
	1;0;1
	1;1;1
	1;2;2
@60
	15;2;2;8;2;-1
	16;撃ったから動いた。
	16;さぁ、これからが本番だぜ。
	4;500
@61
	17;0;2
	16;まだやるのか？
	16;もう勝負あっただろう？
	4;500
@62
	17;2;6
	16;ふん。
	16;そっちが二人なら、こっちは二回だ！
	4;500
	5;0;5
	5;1;5
	13;0
@92
	0
	13;1
@0
	0
