entry 0
@0
	15;2;-1;-1;-1;-1
@60
	15;2;-1;-1;-1;-1
	16;動くと撃つ！
@61
	4;60
	13;0
	6
@121
	1;2;2
	13;1
	17;2;6
	16;間違えた。
	16;撃つと動くだ。今すぐ動く。
	4;500
	1;0;1
	1;1;1
	15;0;2;2;-2;-1
	16;何？
	16;何でこんな所に魔理沙がいるの？
	4;500
@122
	17;2;2
	16;さぁな。私はいつも通り、迷惑な妖怪を退治
	16;しているだけだぜ。
	8;2;0;魔理沙
	4;500
@123
	17;0;2
	16;へぇ、奇遇ね。
	16;私も迷惑な妖怪退治をしているの。
	4;500
@124
	17;2;2
	16;私が言ってるのは「迷惑な妖怪」を退治だ。
	16;お前の場合は、迷惑な「妖怪退治」だろ？
	4;500
@125
	17;0;7
	16;そうでもないわ。
	4;500
@126
	17;1;8
	16;へぇ、こんな夜に、あなた一人で何が出来る
	16;かしら。
	4;500
@127
	17;2;3
	16;迷惑な妖怪退治だ。
	4;500
@128
	17;2;2
	16;今日の月なんてもう見飽きた。
	16;そろそろ、明日にしてもらうぜ。
	4;500
@129
	17;1;8
	16;で、迷惑な妖怪って？
	4;500
@130
	17;2;2
	16;お前の事だよ。
	16;また、夜と昼の境界をいじっただろ？
	4;500
@131
	17;0;6
	16;夜を止めているのは私達。
	16;でも今はそれどころじゃないのよ！
	4;500
@132
	17;1;2
	16;そう。
	16;あなたは、後ろに目が無いのかしら？
	4;500
@133
	17;2;8
	16;あー？
	4;500
@134
	17;0;8
	16;まぁ、多分無いけど。
	16;そういうことよ。
	4;500
@135
	17;2;7
	16;日本語を話せ。
	16;ここは幻想郷だ。
	4;500
@136
	17;0;2
	16;魔理沙に何言っても無駄ね。
	7;1
	4;500
@137
	17;1;5
	16;あの歪な月は危険なのに……。
	4;500
@138
	17;0;2
	16;人間には大して害は無いの。
	4;500
@139
	17;2;6
	16;あー？何だか知らないけど。
	16;夜が終らない方が害だらけだぜ。
	4;500
@140
	17;2;8
	16;妖怪は夜に人を喰う。
	4;500
@141
	17;2;2
	16;夜が続けば、喰い過ぎで妖怪は自滅する。
	4;500
@142
	17;1;6
	16;する訳無いじゃない。
	4;500
@143
	17;2;3
	16;自滅する前に退治してやらないとな。
	4;500
	5;0;5
	5;1;5
	5;2;5
	13;0
@173
	0
	13;1
@0
	0
entry 1
@0
	1;0;1
	1;1;1
	1;2;2
@60
	15;0;4;8;10;-1
	16;魔理沙を追っているうちに、目的地に着いた
	16;みたいね。
	4;500
@61
	17;1;2
	16;ほんと、あなたって幸運ねぇ。
	16;うちの藍にも分けてあげたいくらいだわ。
	4;500
@62
	17;2;-2
	16;くそ。
	16;一体、何だと言うんだ？
	4;500
@63
	17;1;3
	16;お陰で犯人がわかったのよ。
	16;あなたは無駄じゃなかったの。
	4;500
@64
	17;0;3
	16;いや、犯人は判らないけど。
	16;取り合えず、あの屋敷の中にいる。
	4;500
@65
	17;2;-2
	16;まぁ負けたんだから仕様が無い。
	16;帰って寝る。
	4;500
@66
	17;2;-2
	16;起きたら朝になっている事を祈るぜ。
	4;500
@67
	17;1;2
	16;永遠にお休みなさい。
	4;500
@68
	17;0;7
	16;まぁ、風邪ひかないようにね。
	4;500
	13;0
@128
	9;0
	12
@188
	4;800
	11
	10
@0
	0
entry 2
@0
	1;0;1
	1;1;1
@60
	15;0;2;2;-1;-1
	16;あ、逃げた？
	4;500
@61
	17;1;2
	16;さぁ、地の果てまで追うのよ。
	4;500
	5;0;5
	5;1;5
	13;0
@91
	0
	13;1
@0
	0
entry 3
@0
	1;0;1
	1;1;1
	1;2;2
@60
	15;2;2;8;2;-1
	16;あれ、霊夢じゃないか？
	16;どうしたんだ？
	4;500
@61
	17;0;2
	16;白々しいにも程があるわ。
	4;500
@62
	17;2;6
	16;さっきのは紫分。
	16;今度はお前分だ！
	4;500
	5;0;5
	5;1;5
	13;0
@92
	0
	13;1
@0
	0
