entry 0
@0
	15;2;-1;-1;-1;-1
@60
	15;2;-1;-1;-1;-1
	16;ちょっと待て！
@61
	4;60
	13;0
	6
@121
	1;2;2
	13;1
	17;2;6
	16;何だ、何時までも夜が明けないから
	16;おかしいと思ったら、
	4;500
	16;魔理沙の仕業ね。
	4;500
	1;0;1
	1;1;1
	15;0;2;2;-2;-1
	16;おい、誤解だ。
	16;悪いのはこいつ一人だぜ。
	4;500
@122
	17;1;6
	16;何よ。
	16;あんたも同罪でしょ？
	4;500
@123
	17;2;2
	16;こんな事して……、
	16;一体何を企んでるのよ。
	8;2;0;霊夢
	4;500
@124
	17;0;7
	16;あれだな、ほら。
	16;霊夢、なんと言うか……。
	4;500
@125
	17;1;8
	16;歯切れが悪いわね。
	16;いつもみたいに言えばいいじゃない。
	4;500
@126
	17;1;2
	16;邪魔だ、そこをどけ！
	16;ってね。
	4;500
@127
	17;0;2
	16;馬鹿！
	16;こいつを怒らせると不味いぜ。
	4;500
@128
	17;2;6
	16;私を怒らせる事自体が不味い事でしょ？
	4;500
@129
	17;2;2
	16;今日はちょっと懲らしめてやらないと
	16;いけないわね。
	4;500
@130
	17;1;6
	16;ふん。
	16;あんた、後ろ見てもなんとも思わないの？
	4;500
@131
	17;1;2
	16;もう、歪な月もこんなに判り易く
	16;なってるじゃない！
	4;500
@132
	17;2;2
	16;ああ！
	4;500
@133
	17;2;6
	16;この月も、あんたらの仕業ね。
	4;500
@134
	17;0;2
	16;ああ、もういいぜ。諦めたよ。
	7;1
	4;500
@135
	17;0;5
	16;そうだ。
	16;この終らない夜も、欠けて歪な月も、
	4;500
@136
	17;0;2
	16;消えた人間の里も、
	16;お地蔵さんに傘かぶせて廻ったのも、
	4;500
@137
	17;0;8
	16;全てはアリスがやった。
	4;500
@138
	17;0;3
	16;さぁ、そこをどきな！
	4;500
@139
	17;2;8
	16;まぁいいけどね。
	4;500
@140
	17;2;2
	16;月の光を蓄えたこの竹林で、
	4;500
@141
	17;2;2
	16;あんたらは、光る竹の一つになる。
	16;美しいわね。
	4;500
@142
	17;1;3
	16;その言葉、ちょっと屈折させて
	16;お返ししますわ。
	4;500
@143
	17;2;3
	16;さぁ！
	16;終らない夜は、ここでお終いよ！
	4;500
	5;0;5
	5;1;5
	5;2;5
	13;0
@173
	0
	13;1
@0
	0
entry 1
@0
	1;0;1
	1;1;1
	1;2;2
@60
	15;0;4;8;10;-1
	16;さぁ急ぐぜ。
	4;500
@61
	17;1;2
	16;目的地が見えてきたわ。
	4;500
@62
	17;2;-2
	16;仕様が無いわね。
	16;悪巧みも程ほどにするのよ。
	4;500
@63
	17;1;3
	16;なんか言った？
	4;500
@64
	17;0;3
	16;へぇ。竹林の中にこんな大きな屋敷がある
	16;なんて、初めて知ったぜ。
	4;500
@65
	17;2;-2
	16;あー？
	16;私も初めて見たわ。
	4;500
@66
	17;1;2
	16;じゃぁね。
	16;良い子と負け犬はここでお帰りね。
	4;500
@67
	17;0;3
	16;霊夢、永遠の一回休みだ。
	16;じゃぁな。
	4;500
	13;0
@127
	9;0
	12
@187
	4;800
	11
	10
@0
	0
entry 2
@0
	1;0;1
	1;1;1
@60
	15;0;2;2;-1;-1
	16;あれ？
	16;逃げるなんてあいつらしくないな。
	4;500
@61
	17;1;2
	16;追うわよ。魔理沙。
	4;500
	5;0;5
	5;1;5
	13;0
@91
	0
	13;1
@0
	0
entry 3
@0
	1;0;1
	1;1;1
	1;2;2
@60
	15;2;2;8;2;-1
	16;さぁ、あんたらに、本当の結界を
	16;見せてあげるわ。
	4;500
@61
	17;0;2
	16;何で仕切りなおす必要があったんだよ。
	4;500
@62
	17;2;6
	16;そっちが二人だから二回！
	4;500
	5;0;5
	5;1;5
	13;0
@92
	0
	13;1
@0
	0
