entry 0
@0
	15;2;-1;-1;-1;-1
@60
	15;2;-1;-1;-1;-1
	16;遅かったわね。
@61
	4;60
	13;0
	6
@121
	1;2;2
	13;1
	17;2;5
	16;全ての扉は封印したわ。
	16;もう、姫は連れ出せないでしょう？
	4;500
	1;0;1
	1;1;1
	15;0;2;2;-2;-1
	16;犯人はこいつかしら？
	4;500
@122
	17;1;2
	16;さぁねぇ。取り敢えず倒してみたら？
	16;ここに居るはずだし。
	4;500
@123
	17;2;2
	16;何だ、妖怪か。
	8;2;0;鈴仙
	4;500
@124
	17;2;5
	16;そうよね、ここまで来れるはずが無いし。
	16;心配して損したわ。
	4;500
@125
	17;0;7
	16;私はまだ人間よ。
	4;500
@126
	17;2;2
	16;人間ならなおさらだわ。
	4;500
@127
	17;1;8
	16;一体、何を心配していたのかしら？
	16;こんな悪さしておいて。
	4;500
@128
	17;2;2
	16;悪さ？
	16;んー、地上の密室のこと？
	4;500
@129
	17;0;7
	16;なの？
	16;よく分からないけど。
	4;500
@130
	17;1;6
	16;満月の事よ。
	16;よく分からないけど。
	4;500
@131
	17;2;2
	16;ああ月の事？　それはね、私の師匠、
	16;永琳の取っておきの秘術。
	4;500
@132
	17;2;5
	16;この地上を密室化する秘術なの。
	16;判るかしら？
	4;500
@133
	17;0;8
	16;判る訳が無いわ。
	13;0
	6
@193
	1;3;2
	13;1
	17;3;2
	16;ううん。
	16;そんなんじゃ人間には判らないわ。
	4;500
@194
	17;3;2
	16;それに、満月を無くす程度の術。
	16;取っておきでも何でもない。
	4;500
@195
	17;1;3
	16;霊夢。
	16;こいつが犯人よ。匂いがする。
	4;500
@196
	17;0;2
	16;そう？
	16;私の勘はなんだか……。
	4;500
@197
	17;1;3
	16;さぁ、この歪な月を元に戻して
	16;もらいましょうか！
	4;500
@198
	17;3;2
	16;……それは、まだ早いわ。
	16;今、この術を解く訳にはいかないの。
	4;500
@199
	17;3;2
	16;ウドンゲ。
	16;荒事と狂気は全てお前の仕事でしょ？
	4;500
@200
	17;3;2
	16;ここは任せたわ。
	5;3;5
	13;0
	6
@260
	13;1
	4;500
@261
	17;2;2
	16;お任せください。
	16;閉ざされた扉は一つも空かせません。
	4;500
@262
	17;0;6
	16;逃げたって一緒よ。どうせ、こいつを
	16;倒して追う事になるんだから。
	4;500
@263
	17;1;2
	16;そうねぇ。それにこいつ倒しても
	16;満月は戻らなさそうねぇ。
	4;500
@264
	17;2;6
	16;ふん。最近、戦える相手が
	16;居なかったから丁度いいわ。
	4;500
@265
	17;2;5
	16;あなた達に全て見せてあげるわ。
	16;月の狂気を！
	7;1
	4;500
@266
	17;0;2
	16;月の狂気？
	4;500
@267
	17;2;2
	16;月に来た人間を狂わせた催眠術。
	16;あの人間は弱かったわ。
	4;500
@268
	17;1;8
	16;こいつ。危なそうね。
	4;500
@269
	17;2;5
	16;月は人を狂わすの。
	4;500
@270
	17;2;2
	16;そう、月の兎である私の目を見て
	16;狂わずに居られるかしら？
	4;500
	5;0;5
	5;1;5
	5;2;5
	13;0
@300
	0
	13;1
@0
	0
entry 1
@0
	1;0;1
	1;1;1
	1;2;2
@60
	15;0;4;8;10;-1
	16;さぁ、さっきのを追うわよ。
	4;500
@61
	17;1;2
	16;さっきのは何処に入っていったのかしら？
	16;扉が多すぎて判らないわ。
	4;500
@62
	17;2;-2
	16;さっきの、……って、師匠をさっきの
	16;呼ばわりしないで。
	4;500
@63
	17;1;3
	16;犯人はこの奥に居るわ。
	4;500
@64
	17;0;3
	16;犯人が自殺する前に捕まえるのよ。
	4;500
@65
	17;2;-2
	16;自殺しないし、犯人って……。
	4;500
@66
	17;0;7
	16;うるさい白兎。
	16;その辺で皮引ん剥くわよ。
	4;500
	13;0
@126
	9;0
	12
@186
	4;800
	11
	10
@0
	0
entry 2
@0
	1;0;1
	1;1;1
	1;2;2
@60
	15;0;4;8;10;-1
	16;さぁ、さっきのを追うわよ。
	4;500
@61
	17;1;2
	16;さっきのは何処に入っていったのかしら？
	16;扉が多すぎて判らないわ。
	4;500
@62
	17;0;3
	16;紫。
	16;ほら、あそこの扉……。
	4;500
@63
	17;2;-2
	16;ああまずい！
	16;封印が間に合わなかったわ。
	4;500
@64
	17;1;3
	16;犯人はそこかしら？
	4;500
@65
	17;0;3
	16;私の勘がそこだって言ってるわ。
	16;いくわよ。
	4;500
@66
	17;2;-2
	16;ああ、師匠にしかられるぅ。
	4;500
	13;0
@126
	9;0
	12
@186
	4;800
	11
	10
@0
	0
entry 3
@120
	4;1
@180
	19;目に見えるものを追う（FinalA）
	20;勘を信じる（FinalB）
	21;1200
@181
	22
@211
	0
@0
	0
