entry 0
@0
	1;0;1
	1;1;1
	15;0;2;2;-1;-1
@60
	15;0;2;2;-1;-1
	16;長い廊下ももう終った見たいね
	16;そろそろ観念したらどう？
@61
	4;60
	13;0
	6
@121
	1;2;2
	13;1
	17;2;4
	16;あはははは。
	16;貴方達は愚かねぇ。
	4;500
@122
	17;1;2
	16;ほら、馬鹿だって。
	16;神社で巫女なんかやってるから。
	4;500
@123
	17;2;2
	16;もうすぐ朝になる。
	8;2;0;永琳
	4;500
@124
	17;2;5
	16;そうなれば、もう満月は返すわ。
	4;500
@125
	17;0;5
	16;あら、聞き分けいいじゃない。
	4;500
@126
	17;2;2
	16;もう術は完成しているの。
	4;500
@127
	17;2;2
	16;何人たりとも姫を連れ出す事は出来ない。
	4;500
@128
	17;1;8
	16;姫？
	16;姫なんて最初から興味は無いわ。
	4;500
@129
	17;0;6
	16;私達は満月さえ戻ればそれでいいの。
	4;500
@130
	17;2;5
	16;心配しなくても、朝が来れば
	16;元に戻すわよ。
	4;500
@131
	17;0;6
	16;そうはいかない。
	4;500
@132
	17;0;6
	16;私達は、朝が来る前に満月を
	16;取り戻しに来たんだから。
	4;500
@133
	17;2;2
	16;せっかちねぇ。
	4;500
@134
	17;2;5
	16;でも、私達が今居る場所。
	16;何処だか判るかしら？
	4;500
@135
	17;0;8
	16;？？
	4;500
@136
	17;2;5
	16;ここは偽の月と地上の間。
	4;500
@137
	17;2;2
	16;さっきの永い廊下は、偽の月と地上を
	16;結ぶ偽物の通路。
	4;500
@138
	17;2;5
	16;貴方達は偽満月が生み出した幻像に
	16;騙されてここまで来たのよ。
	4;500
@139
	17;0;6
	16;で？
	16;だから何よ。
	4;500
@140
	17;2;4
	16;貴方達には戻る術があるのかしら？
	4;500
@141
	17;1;2
	16;そうねぇ。
	16;それは貴方を倒してから考える事。
	4;500
@142
	17;1;5
	16;焦る事はないわ。
	4;500
@143
	17;2;6
	16;まんまと私の術に嵌る奴が、どうして
	16;私に敵うと思うのか不思議だわ。
	4;500
@144
	17;2;2
	16;まぁ、私も鬼じゃないし。
	4;500
@145
	17;2;5
	16;まぁ、朝までなら遊んであげるわよ。
	4;500
@146
	17;0;2
	16;よく分からないけど。
	4;500
@147
	17;0;7
	16;こいつを倒せば万事解決？
	4;500
@148
	17;1;5
	16;そんなだから馬鹿って言われるのよ。
	4;500
@149
	17;1;2
	16;でも大正解。
	4;500
@150
	17;1;3
	16;博麗霊夢の言う事は全て正解よ。
	4;500
@151
	17;2;2
	16;今頃、地上人も月に辿りつけないで
	16;永遠に彷徨っていることでしょう。
	4;500
@152
	17;2;5
	16;月の民も同じ。
	4;500
@153
	17;2;4
	16;これで月の民も地上に来れないはず。
	4;500
@154
	17;2;2
	16;これが私の最大の秘術の一つ。
	16;地上は大きな密室と化したのよ。
	4;500
@155
	17;1;3
	16;さっきの兎といい。
	16;狂ってる奴が多すぎね。
	4;500
@156
	17;0;3
	16;さぁ、紫。
	16;こんな奴さっさと倒して、地上に帰るわよ。
	4;500
@157
	17;2;4
	16;あら、遊んでいく気になったみたいね。
	4;500
@158
	17;2;2
	16;あいにく私は、永遠に遊ぶ力は持って
	16;いないけど……。
	4;500
@159
	17;2;5
	16;それでも、朝まで遊ぶこと位は出来るわ。
	4;500
@160
	17;1;3
	16;永遠に遊んでみたい物ね。
	16;でも、それはまたの機会にでも……。
	4;500
@161
	17;2;5
	16;さぁ、幻想郷の世明けはもう目の前にある！
	7;1
	4;500
	5;0;5
	5;1;5
	5;2;5
	13;0
@191
	0
	13;1
@0
	0
entry 2
@0
	1;0;1
	1;1;1
	1;2;2
	13;0
@60
	15;2;2;2;2;-1
	13;1
	16;ふふふ。
	4;500
@61
	17;2;-2
	16;無事ついて来てるようね。
	4;500
@62
	17;1;2
	16;この廊下はおかしいわ。
	16;いくらなんでもこんなに長い筈がない。
	4;500
@63
	17;0;8
	16;外も見たことが無い世界になってる！
	4;500
	5;0;5
	5;1;5
	5;2;5
	13;0
@93
	0
	13;1
@0
	0
entry 3
@60
	15;2;-1;-1;-1;-1
	16;何遊んでるのよ！
	6
	4;500
@61
	17;2;-2
	16;永琳、私の力でもう一度だけチャンスをあげる。
	4;500
@62
	17;2;-2
	16;これで負けたらその時は……。
	4;500
@63
	17;2;-2
	16;そこの人妖！
	4;500
@64
	17;2;-2
	16;私の力で作られた薬と永琳の本当の力、
	16;一生忘れないものになるよ！
	4;500
	7;2
	13;0
@94
	0
	13;1
@0
	0
entry 4
@0
	7;-1
	0
	0
entry 5
@60
	4;800
	9;0
@120
	4;800
	13;0
	12
	14
@560
	11
	10
@0
	0
