entry 0
@0
	1;0;1
	1;1;1
	15;1;2;2;-1;-1
@60
	15;1;2;2;-1;-1
	16;久々の満月が……。
@61
	4;60
	13;0
	6
@121
	1;2;2
	13;1
	17;2;2
	16;そう、地上から見た本物の満月よ。
	4;500
@122
	17;2;5
	16;それにしても人間と妖怪……。
	16;今日は珍しい客が来ているわね。
	4;500
@123
	17;1;8
	16;あんたは……。
	16;一体何者よ。
	4;500
@124
	17;2;2
	16;私は輝夜。
	8;2;0;輝夜
	4;500
@125
	17;2;5
	16;でも、あなたが先に名乗ってないのに、
	16;質問してきた事には怒らない。
	4;500
@126
	17;1;5
	16;その程度で恩を着せようなんてのは甘いわ。
	4;500
@127
	17;2;7
	16;誰もそんな事言っていない。
	4;500
@128
	17;2;2
	16;最近、永琳が屋敷の外に出させて
	16;くれないのよ。
	4;500
@129
	17;2;5
	16;だから、たまのお客様は大切に扱うわ。
	4;500
@130
	17;0;8
	16;弾のお客様？
	4;500
@131
	17;1;7
	16;弾幕馬鹿みたいな言い方しないの。
	4;500
@132
	17;2;2
	16;人間に宿るは儚い霊（たま）。
	4;500
@133
	17;2;2
	16;その人間が住むのは大きな球。
	4;500
@134
	17;2;3
	16;そして、貴き民が住むのは……、
	4;500
@135
	17;2;5
	16;後ろに見える狂おしい珠。
	4;500
@136
	17;1;2
	16;で、私達が避けるのは、
	4;500
@137
	17;0;3
	16;美しき弾、っと。
	4;500
@138
	17;2;7
	16;人の台詞を取らないの。
	16;こっちの方は怒るわよ。
	4;500
@139
	17;0;6
	16;ほら、先が読める台詞は、言わなく
	16;ても伝わるからいいの。
	4;500
@140
	17;0;7
	16;何せ、私達は弾のお客様だもんねぇ。
	4;500
@141
	17;2;2
	16;全くもう、せっかちねぇ。
	4;500
@142
	17;2;5
	16;焦らなくても見せてあげるわよ。
	4;500
@143
	17;2;3
	16;本当の月が持つ毒気を！
	16;それと、私からの美しき難題を！
	4;500
@144
	17;1;7
	16;本当に暇そうね……。
	16;待ち構えて遊び相手を探していたの？
	4;500
@145
	17;2;7
	16;って、折角決まった所で水をさす～。
	4;500
@146
	17;2;2
	16;今まで身を隠していたから余り外に
	16;出れなかっただけよ。
	4;500
@147
	17;2;5
	16;でも、今日はその分遊ばさせてもらう。
	4;500
@148
	17;0;2
	16;まぁいいけどね。
	16;もう満月は元に戻った見たいだし。
	4;500
@149
	17;0;3
	16;後はけじめとして、犯人を懲らしめれば
	16;いいだけよ。
	4;500
@150
	17;2;2
	16;あいにく、本物の満月はここでしか
	16;見えないよ。
	4;500
@151
	17;0;9
	16;なんだってー！
	4;500
@152
	17;0;4
	16;って言うほどでもないけど。
	16;どうせ懲らしめるし。
	4;500
@153
	17;2;2
	16;さぁそろそろ、心の準備は出来たかしら。
	4;500
@154
	17;1;2
	16;出来てない。
	4;500
@155
	17;0;2
	16;出来てない。
	4;500
@156
	17;2;2
	16;今まで、何人もの人間が敗れ去って
	16;いった五つの問題。
	4;500
@157
	17;2;3
	16;貴方達に幾つ解けるかしら？
	7;1
	4;500
	5;0;5
	5;1;5
	5;2;5
	13;0
@187
	0
	13;1
@0
	0
entry 2
@0
	1;0;1
	1;1;1
	1;2;2
	13;0
@60
	15;2;2;2;2;-1
	13;1
	16;ああもう。
	4;500
@61
	17;2;-2
	16;こっちに来させちゃ駄目だって言ってるのに。
	4;500
@62
	17;1;2
	16;霊夢。
	16;こいつの言っている意味、わかる？
	4;500
@63
	17;0;4
	16;ええ、こっちが正解って事でしょ？
	4;500
	5;0;5
	5;1;5
	5;2;5
	13;0
@93
	0
	13;1
@0
	0
entry 3
@60
	15;2;-1;-1;-1;-1
	16;なんて事！
	4;500
@61
	17;2;-2
	16;そう、夜を止めていたのは……、
	4;500
@62
	17;2;-2
	16;貴方達だったのね。
	4;500
	7;2
	13;0
@92
	0
	13;1
@0
	0
entry 4
@0
	7;-1
	0
	0
entry 5
@60
	4;800
	9;0
@120
	4;800
	13;0
	12
	14
@560
	11
	10
@0
	0
entry 6
@60
	15;2;-1;-1;-1;-1
	16;貴方達が作った半端な永遠の夜なんて……
	4;500
	13;0
@90
	0
	13;1
@0
	0
entry 7
@60
	15;2;-1;-1;-1;-1
	16;私の永遠を操る術で全て破って見せる。
	4;500
	13;0
@90
	0
	13;1
@0
	0
entry 8
@60
	15;2;-1;-1;-1;-1
	16;夜明けはすぐそこにあるはずよ。
	4;500
	13;0
@90
	0
	13;1
@0
	0
entry 9
@60
	15;2;-1;-1;-1;-1
	16;どう？
	16;これで永夜の術は破れて、夜は明ける！
	4;500
	13;0
@90
	0
	13;1
@0
	0
