entry 0
@0
	1;0;1
	1;1;1
	15;0;5;2;-1;-1
@60
	15;0;5;2;-1;-1
	16;満月だな。
@61
	4;60
	13;0
	6
@121
	1;2;2
	13;1
	17;2;2
	16;そう、ただの満月よ。
	4;500
@122
	17;2;5
	16;貴方達が何百年も何千年も見てきた
	16;本物の魔力。
	4;500
@123
	17;1;9
	16;魔理沙、あの満月は危ないわ。
	4;500
@124
	17;0;8
	16;満月が危ない？
	16;なに寝ぼけた事言ってるんだ？
	4;500
@125
	17;1;8
	16;あなたには見えないかも知れないけど……
	4;500
@126
	17;1;8
	16;いま、大量に満月光線が降り注いでいるわ。
	4;500
@127
	17;2;7
	16;変な名前をつけないの！
	4;500
@128
	17;2;5
	16;今は、月本来の力が甦っているの。
	8;2;0;輝夜
	4;500
@129
	17;2;5
	16;穢れのない月は、穢れのない地上を妖しく
	16;照らす。
	4;500
@130
	17;2;2
	16;この光は貴き月の民ですら忘れた
	16;太古の記憶なのよ。
	4;500
@131
	17;0;3
	16;つまり満月光線だな。
	16;見えないがびしびしと感じるぜ。
	4;500
@132
	17;1;2
	16;これじゃぁ、普通の人間は５分と持たず
	16;発狂するわ。
	4;500
@133
	17;1;5
	16;魔理沙は大丈夫かしら？
	4;500
@134
	17;0;7
	16;ああ、狂うのには慣れているぜ。
	4;500
@135
	17;0;2
	16;でも、これはどういうことなんだ？
	4;500
@136
	17;0;3
	16;なんで今、満月なんだ。
	4;500
@137
	17;2;2
	16;永琳の術で穢れのない月と穢れのない地上は
	16;隔離された。
	4;500
@138
	17;2;2
	16;私はここにいる事で、地上からも月からも
	16;身を隠す事が出来る様になったわ。
	4;500
@139
	17;0;2
	16;大げさなかくれんぼだな。
	4;500
@140
	17;2;5
	16;でもね。
	4;500
@141
	17;2;2
	16;永琳のこの術は完全だけど、あまり
	16;好きじゃないわ。
	4;500
@142
	17;2;2
	16;ここには誰も居ない。
	16;誰も訪れない。
	4;500
@143
	17;2;5
	16;退屈過ぎて死にそうだわ。
	4;500
@144
	17;1;2
	16;穢れのない地上には誰もいない。
	4;500
@145
	17;1;3
	16;月人らしいものの見方ね。
	4;500
@146
	17;0;2
	16;丁度良いじゃないか。
	4;500
@147
	17;0;5
	16;穢い私達がたっぷり遊んで、それから
	16;連れ出してやるよ。
	4;500
@148
	17;2;2
	16;まぁ、私はここの生まれじゃないから、
	4;500
@149
	17;2;2
	16;私を連れ出すのは本当に大変な事よ。
	4;500
@150
	17;2;3
	16;……大昔にも同じ様なやり取りをした
	16;事があるわ。
	4;500
@151
	17;0;6
	16;まぁ、私は満月なんてどうでもいいんだがな。
	4;500
@152
	17;0;3
	16;こいつが満月が無いと困るって駄々を
	16;こねるんでねぇ。
	4;500
@153
	17;1;6
	16;駄々をこねるどころじゃないわ。
	4;500
@154
	17;1;6
	16;余りふざけたまねをしてると、天罰が
	16;下るわよ。
	4;500
@155
	17;2;2
	16;天罰は怖いわね。
	4;500
@156
	17;2;5
	16;でも、私が地上にいるのも天罰なの。
	4;500
@157
	17;2;2
	16;そうだ、こんな私を連れ出そうとする
	16;人にはいつも難題を与えてきたわ。
	4;500
@158
	17;0;9
	16;難題？
	4;500
@159
	17;0;2
	16;それを解けばお前を連れ出せると
	16;いうのか？
	4;500
@160
	17;2;2
	16;今まで、何人もの人間が敗れ去って
	16;いった五つの問題。
	4;500
@161
	17;2;3
	16;貴方達に幾つ解けるかしら？
	7;1
	4;500
	5;0;5
	5;1;5
	5;2;5
	13;0
@191
	0
	13;1
@0
	0
entry 2
@0
	1;0;1
	1;1;1
	1;2;2
	13;0
@60
	15;2;2;2;2;-1
	13;1
	16;ああもう。
	4;500
@61
	17;2;-2
	16;こっちに来させちゃ駄目だって言ってるのに。
	4;500
@62
	17;0;5
	16;なんだか知らんが
	4;500
@63
	17;1;5
	16;良い方に向かっている感じね。
	4;500
	5;0;5
	5;1;5
	5;2;5
	13;0
@93
	0
	13;1
@0
	0
entry 3
@60
	15;2;-1;-1;-1;-1
	16;なんて事！
	4;500
@61
	17;2;-2
	16;そう、夜を止めていたのは……、
	4;500
@62
	17;2;-2
	16;貴方達だったのね。
	4;500
	7;2
	13;0
@92
	0
	13;1
@0
	0
entry 4
@0
	7;-1
	0
	0
entry 5
@60
	4;800
	9;0
@120
	4;800
	13;0
	12
	14
@560
	11
	10
@0
	0
entry 6
@60
	15;2;-1;-1;-1;-1
	16;貴方達が作った半端な永遠の夜なんて……
	4;500
	13;0
@90
	0
	13;1
@0
	0
entry 7
@60
	15;2;-1;-1;-1;-1
	16;私の永遠を操る術で全て破って見せる。
	4;500
	13;0
@90
	0
	13;1
@0
	0
entry 8
@60
	15;2;-1;-1;-1;-1
	16;夜明けはすぐそこにあるはずよ。
	4;500
	13;0
@90
	0
	13;1
@0
	0
entry 9
@60
	15;2;-1;-1;-1;-1
	16;どう？
	16;これで永夜の術は破れて、夜は明ける！
	4;500
	13;0
@90
	0
	13;1
@0
	0
