entry 0
@0
	1;0;1
	1;1;1
	15;0;2;2;-1;-1
@60
	15;0;2;2;-1;-1
	16;なんだったのかしら。
	16;確かに妖精たちが騒いでいる様だけど……。
@61
	4;400
	15;2;2;2;-1;-1
	16;今夜の月は、また一段と強い。
@62
	4;400
	15;2;2;2;-1;-1
	16;妖の者が騒ぐのも無理が無いわね。
@63
	4;400
	13;0
	6
@123
	1;2;2
	13;1
	17;2;5
	16;こんな夜に出かける馬鹿者も居るんだねぇ。
	4;500
@124
	17;0;6
	16;誰？
	4;500
@125
	17;2;2
	16;お前だよ。
	4;500
@126
	17;0;7
	16;いや馬鹿者の事じゃなくて。
	4;500
@127
	17;1;4
	16;馬鹿者ってところは認めるのね。
	4;500
@128
	17;2;2
	16;私はずっとここに住んでいる人間。
	16;今ここに居るのは馬鹿だからじゃないよ。
	8;2;0;永琳
	4;500
@129
	17;1;2
	16;人間？
	16;人間ねぇ。
	4;500
@130
	17;0;8
	16;この竹林の持ち主か何かかしら。
	4;500
@131
	17;2;2
	16;で、目的は何？　お馬鹿さん。
	4;500
@132
	17;0;2
	16;肝試し。
	4;500
@133
	17;1;2
	16;肝とか色々試し。
	4;500
@134
	17;2;7
	16;なんと肝試し！
	4;500
@135
	17;2;3
	16;ああ、何時から人間はこんなに馬鹿に
	16;なったのかしら？
	4;500
@136
	17;2;3
	16;こんなに狂おしい満月の丑三つ時に、
	4;500
@137
	17;2;3
	16;こんなに妖怪が沢山出る処まで来て、
	4;500
@138
	17;2;2
	16;事もあろうか肝試し！
	4;500
@139
	17;2;5
	16;妖怪に殺されなかったのが不思議ね。
	4;500
@140
	17;2;5
	16;それに死んだら、妖怪達に生き肝を
	16;喰われる肝試しなんて――
	4;500
@141
	17;1;5
	16;言われ放題よ。
	16;霊夢、何か反撃しないの？
	4;500
@142
	17;0;8
	16;いやまぁねぇ。肝試しったって、
	16;輝夜がほれいけ、やれいけって言うからさぁ。
	4;500
@143
	17;2;2
	16;今なんて？
	16;輝夜って言った？
	4;500
@144
	17;0;7
	16;言ったっけ？
	4;500
@145
	17;1;3
	16;か・ぐ・や、言ったわ。
	4;500
@146
	17;2;6
	16;むきー！
	16;肝試しなんておかしいと思ったら、
	4;500
@147
	17;2;6
	16;やっぱりあいつの仕業なのね。
	4;500
@148
	17;2;3
	16;そうか、今度はこいつ等をけしかけて
	16;私を始末しようとしているな？
	4;500
@149
	17;2;6
	16;あいつったら、いっつもいっつも私を
	16;始末しようとして！
	4;500
@150
	17;2;3
	16;全く、こんな不便な体にしたのは
	16;あいつじゃないの！
	4;500
@151
	17;0;9
	16;なんか、一人で盛り上がってるわね。
	4;500
@152
	17;1;5
	16;ほら貴方も便乗しないと損よ。
	4;500
@153
	17;2;3
	16;ふん、輝夜の使いがどれほどのもん
	16;なのか見せて貰おうか。
	4;500
@154
	17;2;2
	16;あいつが遣したって事は、あいつよりは
	16;強いんでしょ？
	4;500
@155
	17;1;5
	16;強気な人間ね。私みたいな妖怪相手に
	16;そこまで強気な人間なんて、
	4;500
@156
	17;1;3
	16;３人位しか知らないわ。
	4;500
@157
	17;0;8
	16;でも、人間相手に戦うのはちょっと
	16;気乗りしないわね……
	4;500
@158
	17;1;7
	16;何言ってるの。
	16;魔理沙は余裕でのして来たじゃないの。
	4;500
@159
	17;2;5
	16;私を普通の人間だと思うな。
	4;500
@160
	17;2;2
	16;私は死なない。絶対に死ぬ事が無い。
	16;あのにっくき輝夜の所為で。
	4;500
@161
	17;2;5
	16;そうよ、いくらあいつが私を始末しようと
	16;しても、どだい無理な事。
	4;500
@162
	17;2;3
	16;あいつはそれが判ってて使いを遣して来る。
	16;腹立たしいにも程があるわ。
	4;500
@163
	17;1;5
	16;ほら、霊夢。
	16;また乗り遅れてるわよ。
	4;500
@164
	17;0;7
	16;よく分からないけど。
	4;500
@165
	17;0;7
	16;死なないって事は、
	16;思いっきりやってもいいって事？
	4;500
@166
	17;1;4
	16;中正解ね。
	16;絶対に死なないのが自慢みたいだし。
	4;500
@167
	17;2;5
	16;思いっきりやらなきゃ、
	16;貴方の人生ゲームオーバー。
	4;500
@168
	17;2;2
	16;もう戻り橋にも戻れない、
	16;一方通行の丑三つ時。
	4;500
@169
	17;2;3
	16;お望みどおり。
	16;貴方達の肝、試させて貰うわよ。
	7;1
	4;500
	5;0;5
	5;1;5
	5;2;5
	13;0
@199
	0
	13;1
@0
	0
entry 1
@0
	1;0;1
	1;1;1
	1;2;2
@60
	15;2;4;8;10;-1
	16;あーれー。
	16;強すぎるぅぅ。
	4;500
@61
	17;1;2
	16;あらほんと、まだ生きているわ。
	16;ほんとに死なないのね。
	4;500
@62
	17;0;2
	16;最初は何度も死にかけて頼りないから
	16;びっくりしたわよ。ほんと。
	4;500
@63
	17;2;-2
	16;痛い痛い、死なないけど痛い～。
	4;500
@64
	17;1;4
	16;霊夢、この娘面白いわ。
	4;500
@65
	17;0;7
	16;いや、痛がってるのを見て面白い言うのは
	16;ちょっと。
	4;500
@66
	17;2;-2
	16;こんなに強いんじゃ、肝試しもへったくれも
	16;無いじゃない。
	4;500
@67
	17;1;2
	16;そう？
	16;私だって怖い物も色々あるわよ。
	4;500
@68
	17;0;7
	16;まんじゅうとかでしょ？
	4;500
@69
	17;1;4
	16;そう、あの丸いフォルムが大きな蟲の卵を
	16;彷彿させて、そして中のあんが……
	4;500
@70
	17;2;-2
	16;いやぁぁ。まんじゅう怖い。
	4;500
@71
	17;0;2
	16;それはともかく、肝試しはこれで終了かしら？
	4;500
@72
	17;1;3
	16;あれ？
	16;そう言えばまだ肝を試していないわね。
	4;500
@73
	17;0;2
	16;？
	4;500
@74
	17;1;2
	16;ほら、目の前の人間の生き肝。
	16;霊夢、貴方が掻っ捌いて確認しなさい。
	4;500
@75
	17;2;-2
	16;ひぇぇ。
	16;死なないけど怖い。
	4;500
@76
	17;0;7
	16;なんで私がそんな妖怪じみたことしなきゃ
	16;いけないのかしら？
	4;500
@77
	17;1;2
	16;あら、不老不死の人間の生き肝を食せば、
	16;貴方も不老不死になれるわよ。
	4;500
@78
	17;0;7
	16;というか、人間やめるのは
	16;ちょっとねぇ……
	4;500
@79
	17;2;-2
	16;あら酷い。私は人間じゃないって言うの？
	4;500
@80
	17;0;8
	16;人間……、なのかな？
	16;よく分からないわね。
	4;500
@81
	17;0;2
	16;まぁどうせ、今の幻想郷は人間なのか
	16;違うのか判らないような連中ばかりよ。
	4;500
@82
	17;0;7
	16;いまさら、魂を入れる器の違いなんて
	16;大したもんじゃないのかな？
	4;500
@83
	17;1;2
	16;でも博麗の仕事は妖怪退治。
	16;それは妖怪差別かしら？
	4;500
@84
	17;0;2
	16;前言撤回。妖怪は退治されるもの。
	16;人間は退治するもの。
	4;500
@85
	17;0;3
	16;これは動かせない約束事ね。
	16;これからも私は、妖怪を退治するわ。
	4;500
@86
	17;1;4
	16;大・正・解。
	4;500
	13;0
@146
	4;800
	9;0
@206
	4;800
	12
	14
@646
	11
	10
@0
	0
entry 2
@0
	1;0;1
	1;1;1
	1;2;2
	13;0
@60
	15;2;2;2;2;-1
	3;2;0;待っていたぞ。
@140
	3;2;0;満月の夜にやってくるとはいい度胸だ。
@230
	3;0;0;これが肝試しの肝？
	15;0;7;2;2;-1
@320
	3;2;0;あの人間には指一本触れさせない！
	15;2;2;2;2;-1
@400
	5;0;5
	5;1;5
	5;2;5
@430
	0
	13;1
@0
	0
