entry 0 (256)
@0
	9;0
	3
	1;0
@4
	12;0
	7
@34
	9;1
	16;何だろう
	16;久しぶりなんで調子がそこそこだぜ
	10;600
@38
	12;5
	7
	16;いきなり強い奴とか出てきてくれないかねぇ
	10;600
@42
	9;0
	11
	8
	16;随分と余裕だ事
@102
	2;0
	9;1
@106
	13;1
	8
	19
	16;妖怪に怯えながら行動する人間の癖に
@110
	10;600
@114
	12;1
	7
	16;妖怪以外にも怯えるぜ
@118
	10;600
@122
	13;0
	8
	16;あんたが向かおうとしている場所にいる
	16;妖怪は、今までの妖怪とは訳が違うわよ
@126
	10;600
@130
	12;5
	7
	16;それは楽しみだな
	16;お前も妖怪より強いんだろう？
@134
	10;600
@138
	13;1
	8
	16;私はただの八百万分の一の神
	16;この先は、神様がごろごろしているんだから
@142
	10;600
	18
	4
	5
	6
	9;0
@172
	0
@0
	0
entry 1 (256)
@0
	9;0
	3
	1;0
	7
	12;6
@30
	9;1
	16;こいつみたいな奴がごろごろしているのか
@34
	10;600
@38
	12;2
	7
	16;余り期待できないな
@42
	10;600
	20
	4
	6
	9;0
@72
	0
@0
	0
