entry 0 (256)
@0
	13;0
	7;1
@90
	13;1
	24
	1;0;0
	15;0;6;-1
	23;0
@140
	15;0;-1;-1
	16;花と幽霊と……、うーん。
	16;そう言えば、前にもこんな事があったわね。
	4;500
@141
	17;0;0
	16;何十年前だったかしら？
	16;もう日常過ぎて忘れちゃったわね。
	4;500
	15;1;-2;-1
	16;あ、いたいた！
	4;500
	23;1
	13;0
@171
	1;1;0
	15;1;-2;1
	13;1
	8
	16;あんたが犯人でしょう？
	4;500
@172
	17;0;4
	16;あの時は放っておいたら
	16;元に戻ったんだったっけ？
	4;500
@173
	17;0;4
	16;あの時は、あんたを倒したら元に戻ったのよ！
	7;11
	4;500
	5;0;5
	5;1;5
	13;0
	25
@203
	0
	13;1
@0
	0
entry 1 (256)
@0
	24
	1;0;0
	1;1;0
	15;0;4;8
@50
	15;0;4;8
	16;何を言っているのよ。
	16;あの時って何十年も昔の話よ？
	4;500
@51
	17;0;0
	16;貴方の生まれるずっと前。
	4;500
@52
	17;0;7
	16;ああそう、丁度、六十年昔ね。
	16;ああ……。
	4;500
@53
	17;0;1
	16;そうか、もうそんな時期なのね……。
	16;六十年か。回帰の時ね。
	4;500
	13;0
@83
	9;500
	13;1
@143
	15;-1;-1;-1
	4;1800
@0
	0
entry 2 (256)
@0
	24
	1;0;0
	1;1;0
	15;1;8;1
@50
	15;1;8;1
	16;あんたの方から出てきてくれて助かったわ！
	16;さあ、元に戻しなさい。
	4;500
	13;0
@80
	9;500
	13;1
@140
	15;-1;-1;-1
	4;1800
@0
	0
entry 10 (256)
@0
	13;0
	7;1
@90
	13;1
	24
	1;0;0
	15;0;6;-1
	23;0
@140
	15;0;-1;-1
	16;こんなところばかり飛んでいても、
	16;事態は一向に良くならないわね。
	4;500
	15;1;-2;-1
	16;おお？
	4;500
	23;1
	13;0
@170
	1;1;0
	15;1;-2;5
	13;1
	8
	16;そうか、お前の仕業だったのか。
	16;最初から気が付いていたぜ。
	4;500
@171
	17;0;0
	16;貴方の方からやってこないから、
	16;こっちから出向いちゃった。
	4;500
@172
	17;1;4
	16;途中を省けるのは楽で良いな。
	7;3
	4;500
	5;0;5
	5;1;5
	13;0
	25
@202
	0
	13;1
@0
	0
entry 11 (256)
@0
	24
	1;0;0
	1;1;0
	15;0;4;8
@50
	15;0;4;8
	16;異変が起きても楽しそうね。
	4;500
	13;0
@80
	9;500
	13;1
@140
	15;-1;-1;-1
	4;1800
@0
	0
entry 12 (256)
@0
	24
	1;0;0
	1;1;0
	15;1;8;1
@50
	15;1;8;1
	16;さあ、さっさと元に戻すんだな！
	4;500
	13;0
@80
	9;500
	13;1
@140
	15;-1;-1;-1
	4;1800
@0
	0
entry 20 (256)
@0
	13;0
	7;1
@90
	13;1
	24
	1;0;0
	15;0;0;-1
	23;0
@140
	15;0;-1;-1
	16;人間は死ぬと花を飾ったりするんだってね？
	4;500
	15;1;-2;-1
	16;そうですねぇ。
	4;500
	23;1
	13;0
@170
	1;1;0
	15;1;-2;0
	13;1
	8
	16;でも目出度いときにもお花を飾りますよ？
	4;500
@171
	17;0;2
	16;花が目出度いのに死の象徴でもある理由は
	16;判る？
	4;500
@172
	17;1;1
	16;何でこんな所で妖怪と立ち話をしているの
	16;かしら？
	7;4
	4;500
	5;0;5
	5;1;5
	13;0
	25
@202
	0
	13;1
@0
	0
entry 21 (256)
@0
	24
	1;0;0
	1;1;0
	15;0;0;8
@50
	15;0;0;8
	16;それは人間と同じだから。
	4;500
@51
	17;0;2
	16;霊が宿り、花が咲き、
	16;霊が去ると花が散る。
	4;500
	13;0
@81
	9;500
	13;1
@141
	15;-1;-1;-1
	4;1800
@0
	0
entry 22 (256)
@0
	24
	1;0;0
	1;1;0
	15;1;8;2
@50
	15;1;8;2
	16;それは、花が運命を占ってくれるからです。
	16;ほら、花占いだってあるでしょう？
	4;500
	13;0
@80
	9;500
	13;1
@140
	15;-1;-1;-1
	4;1800
@0
	0
entry 30 (256)
@0
	13;0
	7;5
@90
	13;1
	24
	1;0;0
	15;0;0;-1
	23;0
@140
	15;0;-1;-1
	16;地上に咲く花はその鮮やかさから
	16;生の象徴であり、
	4;500
	15;1;-2;-1
	16;また誰かが来たわ。
	4;500
	23;1
	13;0
@170
	1;1;0
	15;1;-2;4
	13;1
	8
	16;もー、地上の花が咲くと同時にみんな
	16;自分勝手に動き始めたわね。
	4;500
@171
	17;0;2
	16;同時に花の儚さより死の象徴でもある。
	16;不思議よね。
	4;500
@172
	17;1;3
	16;あの世は大して花は咲いていないわよ？
	4;500
	5;0;5
	5;1;5
	5;2;5
	5;3;5
	13;0
	25
@202
	0
	13;1
@0
	0
entry 31 (256)
@0
	24
	1;0;0
	1;1;0
	15;0;0;8
@50
	15;0;0;8
	16;あの世に無くても、今の地上の花は、死の香り
	16;がぷんぷんするわ。
	4;500
	13;0
@80
	9;500
	13;1
@140
	15;-1;-1;-1
	4;1800
@0
	0
entry 32 (256)
@0
	24
	1;0;0
	1;1;0
	15;1;8;4
@50
	15;1;8;4
	16;死の象徴って、人間が葬式に花をくべるだけ
	16;じゃないの。
	4;500
	13;0
@80
	9;500
	13;1
@140
	15;-1;-1;-1
	4;1800
@0
	0
entry 40 (256)
@0
	13;0
	7;1
@90
	13;1
	24
	1;0;0
	15;0;0;-1
	23;0
@140
	15;0;-1;-1
	16;花と、幽霊と……
	16;生と、死と……
	4;500
	15;1;-2;-1
	16;あ、もしや、
	4;500
	23;1
	13;0
@170
	1;1;0
	15;1;-2;7
	13;1
	8
	16;そのお花っぽい気の持ち主は！
	4;500
@171
	17;0;2
	16;いかにも私は花を扱う者。
	16;何か用かしら？
	4;500
@172
	17;1;4
	16;用って、言わなくても判るでしょうに！
	7;11
	4;500
	5;0;5
	5;1;5
	13;0
	25
@202
	0
	13;1
@0
	0
entry 41 (256)
@0
	24
	1;0;0
	1;1;0
	15;0;4;8
@50
	15;0;4;8
	16;言わないで用件が伝わると思ったら大間違いよ
	4;500
@51
	17;0;0
	16;今夜は兎鍋だって言いたかったみたいね。
	4;500
	13;0
@81
	9;500
	13;1
@141
	15;-1;-1;-1
	4;1800
@0
	0
entry 42 (256)
@0
	24
	1;0;0
	1;1;0
	15;1;8;0
@50
	15;1;8;0
	16;花の異変は、花の妖怪がやったに違いないわ。
	4;500
	13;0
@80
	9;500
	13;1
@140
	15;-1;-1;-1
	4;1800
@0
	0
entry 50 (256)
@0
	13;0
	7;1
@90
	13;1
	24
	1;0;0
	15;0;0;-1
	23;0
@140
	15;0;-1;-1
	16;私の手に掛かれば、こんな寂寥たる湖にも
	16;花が咲くわ。
	4;500
	15;1;-2;-1
	16;湖のどこに、
	4;500
	23;1
	13;0
@170
	1;1;0
	15;1;-2;5
	13;1
	8
	16;花が咲くって言うのよ。
	4;500
@171
	17;0;1
	16;見てなさい。
	16;すぐに貴方の目にも花が見えるでしょう。
	7;7
	4;500
	5;0;5
	5;1;5
	13;0
	25
@201
	0
	13;1
@0
	0
entry 51 (256)
@0
	24
	1;0;0
	1;1;0
	15;0;4;8
@50
	15;0;4;8
	16;うーん。
	16;妖精を苛めたって仕方がないわねぇ。
	4;500
	13;0
@80
	9;500
	13;1
@140
	15;-1;-1;-1
	4;1800
@0
	0
entry 52 (256)
@0
	24
	1;0;0
	1;1;0
	15;1;8;2
@50
	15;1;8;2
	16;花が、湖に花がー。
	4;500
	13;0
@80
	9;500
	13;1
@140
	15;-1;-1;-1
	4;1800
@0
	0
entry 60 (256)
@0
	13;0
	7;1
@90
	13;1
	24
	1;0;0
	15;0;0;-1
	23;0
@140
	15;0;-1;-1
	16;普段は花の咲くことのない雲の上。
	16;ここだって私の手に掛かれば……
	4;500
	15;1;-2;-1
	16;あ、何か来たー
	4;500
	23;1
	13;0
@170
	1;1;0
	15;1;-2;0
	13;1
	8
	16;何処に行くのかしら？
	16;花の妖怪さん。
	4;500
@171
	17;0;2
	16;勿論、花を咲かせに行くのです。
	16;この世の全てに。
	4;500
@172
	17;1;2
	16;あら、早くも異変の犯人発見だわー！
	7;8
	4;500
	5;0;5
	5;1;5
	13;0
	25
@202
	0
	13;1
@0
	0
entry 61 (256)
@0
	24
	1;0;0
	1;1;0
	15;0;0;8
@50
	15;0;0;8
	16;桜は、地上の雲と呼ばれる程、密度の高い花。
	16;桜は雲が地上に降りてきた物なのです。
	4;500
@51
	17;0;0
	16;そして、
	16;桜が天に戻ると、次に訪れるのは雲の景色。
	4;500
@52
	17;0;2
	16;それが梅雨と呼ばれる季節なのですよ。
	4;500
	13;0
@82
	9;500
	13;1
@142
	15;-1;-1;-1
	4;1800
@0
	0
entry 62 (256)
@0
	24
	1;0;0
	1;1;0
	15;1;8;6
@50
	15;1;8;6
	16;あっさり異変解決ねー。
	16;って、これじゃ面白くないわー。
	4;500
	13;0
@80
	9;500
	13;1
@140
	15;-1;-1;-1
	4;1800
@0
	0
entry 70 (256)
@0
	13;0
	7;1
@90
	13;1
	24
	1;0;0
	15;0;0;-1
	23;0
@140
	15;0;-1;-1
	16;一言に桜と言っても、様々な色があるわ。
	4;500
	15;1;-2;-1
	16;桜を切ったら叱られた～♪
	4;500
	23;1
	13;0
@170
	1;1;0
	15;1;-2;2
	13;1
	8
	16;正直に言ったら感動された～♪
	4;500
@171
	17;0;4
	16;こらこら、歌詞は間違えないの。
	16;感動じゃなくて、勘当されたのよ？
	4;500
@172
	17;1;6
	16;え？
	16;何が違うの～？
	7;9
	4;500
	5;0;5
	5;1;5
	13;0
	25
@202
	0
	13;1
@0
	0
entry 71 (256)
@0
	24
	1;0;0
	1;1;0
	15;0;0;8
@50
	15;0;0;8
	16;あら、言の葉じゃ違いが分からないわね。
	16;でも、貴方の顔で間違いは判るわ。
	4;500
	13;0
@80
	9;500
	13;1
@140
	15;-1;-1;-1
	4;1800
@0
	0
entry 72 (256)
@0
	24
	1;0;0
	1;1;0
	15;1;8;6
@50
	15;1;8;6
	16;桜の木を切ったことを言って、どこに感動する
	16;親が居るって言うのよ。
	4;500
	13;0
@80
	9;500
	13;1
@140
	15;-1;-1;-1
	4;1800
@0
	0
entry 80 (256)
@0
	13;0
	7;1
@90
	13;1
	24
	1;0;0
	15;0;0;-1
	23;0
@140
	15;0;-1;-1
	16;竹林を飛ぶと、傘が傷つくから嫌なのよね。
	4;500
	15;1;-2;-1
	16;じゃ、飛ばなきゃいいんじゃん？
	4;500
	23;1
	13;0
@170
	1;1;0
	15;1;-2;5
	13;1
	8
	16;雨も降っていないし、霧も出ているし、
	16;何で傘を差してるのかしら。
	4;500
@171
	17;0;1
	7;10
	16;これは幽かな花の香りを集める曲線なの。
	4;500
@172
	17;1;7
	16;へー、そうなんだ。
	4;500
	5;0;5
	5;1;5
	5;2;5
	5;3;5
	13;0
	25
@202
	0
	13;1
@0
	0
entry 81 (256)
@0
	24
	1;0;0
	1;1;0
	15;0;2;8
@50
	15;0;2;8
	16;そんな訳ないじゃないの。
	16;これは、幻想郷で唯一枯れない花なのよ。
	4;500
	13;0
@80
	9;500
	13;1
@140
	15;-1;-1;-1
	4;1800
@0
	0
entry 82 (256)
@0
	24
	1;0;0
	1;1;0
	15;1;8;2
@50
	15;1;8;2
	16;今は花の香りが強いから、
	16;さぞかし匂うんでしょうね。
	4;500
	13;0
@80
	9;500
	13;1
@140
	15;-1;-1;-1
	4;1800
@0
	0
entry 100 (256)
@0
	13;0
	7;18
@90
	13;1
	24
	1;0;0
	15;0;7;-1
	23;0
@140
	15;0;-1;-1
	16;何処に行っても花、花。
	4;500
@141
	17;0;0
	16;こんな幻想郷は久しく見ていないわね。
	4;500
@142
	17;0;2
	16;最後にこんな事があってから丁度六十年。
	4;500
	15;1;-2;-1
	7;-1
	16;じー
	4;500
@143
	17;0;5
	16;じー
	4;500
	23;1
	13;0
@173
	1;1;0
	15;1;-2;4
	13;1
	7;12
	16;いやまあ、隠れて観察していただけです。
	4;500
@174
	17;0;2
	16;私は隠れないで貴方を観察していたの。
	4;500
@175
	17;0;0
	16;貴方、天狗でしょう？
	4;500
@176
	17;0;1
	16;私なんかよりもっとネタになる
	16;人間が居ると思うけど。
	4;500
@177
	17;1;2
	16;私は主に妖怪向けの新聞記者なのですよ。
	4;500
@178
	17;1;0
	16;さっきからあちこちで暴れている妖怪が居ると
	16;風が言っていたので、後を付けました
	4;500
@179
	17;0;2
	16;いくら欲しいの？
	4;500
@180
	17;1;6
	16;お金貰ったって、真実は記事にします。
	4;500
@181
	17;0;1
	16;そう、残念ね。
	4;500
@182
	17;0;0
	16;私は花を操る妖怪。
	16;今の花の異変は私がやった事なのに。
	4;500
@183
	17;1;7
	16;え？
	4;500
@184
	17;1;2
	16;何が残念か判りませんが、本当だとすると
	16;大スクープです！
	4;500
@185
	17;0;6
	16;残念なのは、それが嘘だという事よ。
	4;500
	5;0;5
	5;1;5
	5;2;5
	5;3;5
	13;0
	25
@215
	0
	13;1
@0
	0
entry 101 (256)
@0
	24
	1;0;0
	1;1;0
	15;0;2;8
@50
	15;0;2;8
	16;私に付きまとうなんて２～３年早い。
	4;500
@51
	17;1;8
	16;記事になりそうなんですけど……
	16;凄く。
	4;500
@52
	17;0;0
	16;貴方は神社にでも行って巫女の醜態でも
	16;記事にしていなさい。
	4;500
	13;0
@82
	9;500
	13;1
@142
	15;-1;-1;-1
	4;1800
@0
	0
entry 102 (256)
@0
	24
	1;0;0
	1;1;0
	15;1;8;2
@50
	15;1;8;2
	16;嘘とか言って、
	4;500
@51
	17;1;5
	16;実は貴方がやったんじゃないですか？
	16;この異常な花は。
	4;500
	13;0
@81
	9;500
	13;1
@141
	15;-1;-1;-1
	4;1800
@0
	0
entry 120 (256)
@0
	13;0
	7;14
@90
	13;1
	24
	1;0;0
	15;0;0;-1
	23;0
@140
	15;0;-1;-1
	16;さてと……
	4;500
@141
	17;0;1
	16;これで一通り幻想郷の花を見てきたし、
	16;これで最後ね。
	4;500
@142
	17;0;5
	16;あるんでしょう？
	16;この辺にボトルネックが。
	4;500
	15;1;-2;-1
	16;ボトルネック？
	4;500
	23;1
	13;0
@172
	1;1;0
	15;1;-2;0
	13;1
	16;何だそれは？
	16;無縁の塚に何があるというのだ？
	4;500
@173
	17;0;0
	16;出てきたわね。
	16;ボトルネックの死神が。
	4;500
@174
	17;1;4
	16;何？　何の話？
	4;500
@175
	17;1;4
	16;って、塚が凄いことになってる～！
	4;500
@176
	17;0;1
	16;ね？
	16;季節外れの彼岸花よ
	4;500
@177
	17;0;5
	16;死神の貴方が仕事をのんびり
	16;やりすぎたからね。
	4;500
@178
	17;1;0
	16;そ、そんなこと無い。
	4;500
@179
	17;1;4
	16;ほら、今幽霊が多すぎるんだ。
	16;外の世界でおかしい事が起こっている筈。
	4;500
@180
	17;1;0
	16;だから少しぐらいあぶれたって、
	16;少しぐらい花に憑依したって許してよ。
	4;500
@181
	17;0;3
	16;何、寝言を言っているのよ！
	4;500
@182
	17;0;0
	16;それを商売繁盛と言うんじゃないの。
	4;500
@183
	17;0;6
	16;それに、何もしなくても花に咲かれれば、
	16;私の立場が無いじゃないの。
	4;500
@184
	17;1;4
	16;うーん。
	16;善処します。
	4;500
@185
	17;0;1
	16;今すぐ善処せよ！
	4;500
	5;0;5
	5;1;5
	5;2;5
	5;3;5
	13;0
	25
@215
	0
	13;1
@0
	0
entry 121 (256)
@0
	24
	1;0;0
	1;1;0
	15;0;1;8
@50
	15;0;1;8
	16;これで少しは早く元通りになるかな？
	4;500
@51
	17;1;4
	16;善処しますって～
	4;500
@52
	17;0;0
	16;さてと、伝えることは伝えたし。
	16;これでもう用事は無いわね……
	4;500
	13;0
@82
	9;500
	13;1
@142
	15;-1;-1;-1
	4;1800
@0
	0
entry 122 (256)
@0
	24
	1;0;0
	1;1;0
	15;1;8;4
@50
	15;1;8;4
	16;幽霊は頑張って彼岸に送るから。
	16;送るから～
	4;500
	13;0
@80
	9;500
	13;1
@140
	15;-1;-1;-1
	4;1800
@0
	0
entry 130 (256)
@0
	13;0
	7;18
@90
	13;1
	24
	1;0;0
	15;0;0;-1
	23;0
@140
	15;0;-1;-1
	16;当然と言えば当然だけど、
	4;500
@141
	17;0;0
	16;彼岸桜も満開ね。
	4;500
@142
	17;0;2
	16;せっかくだから、帰る前にお花を
	16;楽しんでいこうかしら。
	4;500
	15;1;-2;-1
	16;紫の桜は、軫念の花を咲かせ、
	16;追念の花びらを散らす。
	4;500
@143
	17;1;-1
	16;散った花は長い時間を掛けて土に還り、
	16;再び花を咲かせるでしょう。
	4;500
	23;1
	13;0
@173
	1;1;0
	15;1;-2;0
	13;1
	8
	16;これは罪の輪廻なのです。
	16;そう、六十年で一回りする運命。
	4;500
@174
	17;0;0
	16;でも、ずっと満開ね。
	16;今の彼岸桜は。
	4;500
@175
	17;1;1
	16;それだけ罪人が多く死んでいるのです。
	4;500
@176
	17;1;1
	16;外はどうなっているのでしょうね。
	4;500
@177
	17;0;1
	16;なんでも良いわ。
	4;500
@178
	17;0;5
	16;この彼岸桜の下で少し昔を回想でもして
	16;休憩したいだけです。
	4;500
@179
	17;1;6
	16;こんな所で休んだら、それこそおかしく
	16;なってしまう。
	4;500
@180
	17;1;1
	7;-1
	16;いや、貴方は少しおかしくなっているの
	16;かもしれない。
	4;500
@181
	17;1;0
	16;人間であろうと妖怪であろうと、
	16;幽霊であろうと妖精であろうと、
	4;500
@182
	17;1;5
	16;片端から攻撃してきた。
	16;大した理由もなく。
	4;500
@183
	17;0;7
	16;虐めただけよ。
	16;それは日課だもの。
	4;500
@184
	17;1;1
	16;生きる事はそれだけで罪な事なのです。
	4;500
@185
	17;1;0
	7;15
	28;1
	16;そう、貴方は少し長く生きすぎた。
	4;500
@186
	17;0;0
	16;……
	4;500
@187
	17;1;1
	16;このまま生き続けてもろくな事にならない。
	4;500
@188
	17;0;3
	16;さっきから黙って聞いていれば
	16;巫山戯たことばかり。
	4;500
@189
	17;0;5
	16;自分は虐められないと
	16;高を括ってるのかしら？
	4;500
@190
	17;0;1
	16;幻想郷で誰が一番強いか白黒はっきり
	16;つけてやる！
	4;500
@191
	17;1;0
	16;白黒つけるのは私の仕事です。
	4;500
@192
	17;1;5
	16;ですが、私は幻想郷の者ではない。
	16;此岸の者でもない。
	4;500
@193
	17;1;1
	16;裁判は上から下へ、あちらからこちらへ、
	16;常に一方的に行われなければならない！
	4;500
@194
	17;1;2
	16;どう転んでも白黒つくのは貴方だけですよ！
	4;500
	5;0;5
	5;1;5
	5;2;5
	5;3;5
	13;0
	25
@224
	0
	13;1
@0
	0
entry 131 (256)
@0
	4;500
	13;0
	9;0
	13;1
@1
	4;1800
	14
@300
	0
@0
	0
entry 132 (256)
@0
	24
	1;0;0
	1;1;0
	15;1;8;0
@50
	15;1;8;0
	16;桜は……
	16;本当は白色になりたいと思っている。
	4;500
@51
	17;1;1
	16;貴方も長く生きているのなら、白い桜
	16;も見たことがあるでしょう？
	4;500
	13;0
@81
	9;500
	13;1
@141
	15;-1;-1;-1
	4;1800
@0
	0
entry 200 (256)
@0
	23;0
	23;1
	25
@20
	0
@0
	0
entry 201 (256)
@0
	23;0
	23;1
	25
@20
	0
@0
	0
