entry 200 (256)
@0
	23;0
	23;1
	25
@20
	0
@0
	0
entry 201 (256)
@0
	23;0
	23;1
	25
@20
	0
@0
	0
entry 0 (256)
@0
	13;0
	7;1
@90
	13;1
	24
	1;0;0
	15;0;0;-1
	23;0
@140
	15;0;-1;-1
	16;そろそろ花見の時間じゃないのか？
	4;500
	15;1;-2;-1
	16;そろそろって、
	4;500
	23;1
	13;0
@170
	1;1;0
	15;1;-2;3
	13;1
	8
	16;とっくに花だらけじゃないの！
	4;500
@171
	17;0;5
	16;花だらけだからやるんじゃないか。
	4;500
@172
	17;1;4
	16;騒ぎたいだけでしょうに、
	16;呑みたいだけでしょうに！
	7;2
	4;500
	5;0;5
	5;1;5
	13;0
	25
@202
	0
	13;1
@0
	0
entry 1 (256)
@0
	24
	1;0;0
	1;1;0
	15;0;2;8
@50
	15;0;2;8
	16;花見だからな、弾幕見でもいいんだが
	16;やっぱり花見だな。
	4;500
	13;0
@80
	9;500
	13;1
@140
	15;-1;-1;-1
	4;1800
@0
	0
entry 2 (256)
@0
	24
	1;0;0
	1;1;0
	15;1;8;0
@50
	15;1;8;0
	16;あんたが後片付けをするのなら、
	16;やっても良いけどね。
	4;500
	13;0
@80
	9;500
	13;1
@140
	15;-1;-1;-1
	4;1800
@0
	0
entry 3 (256)
@0
	13;0
	7;1
@90
	13;1
	24
	1;0;0
	15;0;3;-1
	23;0
@140
	15;0;-1;-1
	16;おい何だよ。
	4;500
	15;1;-2;-1
	16;何よ。
	4;500
	23;1
	13;0
@170
	1;1;0
	15;1;-2;3
	13;1
	8
	16;私は忙しいんだから！
	4;500
@171
	17;0;6
	16;何で原因に辿り着かないんだよ。
	16;お前もさっきからふらふら飛んでいるだけだし
	4;500
@172
	17;1;4
	16;しょうがないじゃないの！
	16;まんべんなく異変なんだから。
	4;500
@173
	17;0;0
	16;困ったな、もう行く当てがほとんど無いぜ。
	4;500
@174
	17;1;3
	16;だからといって、私の仕事の邪魔をしないの。
	7;2
	4;500
	5;0;5
	5;1;5
	13;0
	25
@204
	0
	13;1
@0
	0
entry 4 (256)
@0
	24
	1;0;0
	1;1;0
	15;0;6;8
@50
	15;0;6;8
	16;そうだなぁ、
	4;500
@51
	17;0;6
	16;そろそろ、今まで行ったことのない様な場所を
	16;探すべきか……
	4;500
	13;0
@81
	9;500
	13;1
@141
	15;-1;-1;-1
	4;1800
@0
	0
entry 5 (256)
@0
	24
	1;0;0
	1;1;0
	15;1;8;3
@50
	15;1;8;3
	16;この異変は私が何とかするから、あんたは
	16;花でも見て寝ててよ！
	4;500
	13;0
@80
	9;500
	13;1
@140
	15;-1;-1;-1
	4;1800
@0
	0
entry 20 (256)
@0
	13;0
	7;1
@90
	13;1
	24
	1;0;0
	15;0;0;-1
	23;0
@140
	15;0;-1;-1
	16;何処まで行っても花だな。
	4;500
	15;1;-2;-1
	16;そうでもないわよ。
	4;500
	23;1
	13;0
@170
	1;1;0
	15;1;-2;5
	13;1
	8
	16;森と湖と外は花も避けるのよ。
	4;500
@171
	17;0;4
	16;外？
	16;森はそんな軟弱な植物を受けつけんよ。
	4;500
@172
	17;1;5
	16;貴方は弾を避けれるのかしら？
	7;4
	4;500
	5;0;5
	5;1;5
	13;0
	25
@202
	0
	13;1
@0
	0
entry 21 (256)
@0
	24
	1;0;0
	1;1;0
	15;0;0;8
@50
	15;0;0;8
	16;弾は避けても、花は積極的に当たりに行くさ。
	4;500
	13;0
@80
	9;500
	13;1
@140
	15;-1;-1;-1
	4;1800
@0
	0
entry 22 (256)
@0
	24
	1;0;0
	1;1;0
	15;1;8;1
@50
	15;1;8;1
	16;こんな不自然な花に浮かれているようじゃ
	16;弾も避けられないでしょう？
	4;500
	13;0
@80
	9;500
	13;1
@140
	15;-1;-1;-1
	4;1800
@0
	0
entry 23 (256)
@0
	13;0
	7;1
@90
	13;1
	24
	1;0;0
	15;0;0;-1
	23;0
@140
	15;0;-1;-1
	16;全く行く当てのない犯人捜しはもう飽きたぜ。
	4;500
	15;1;-2;-1
	16;飽きたら、
	4;500
	23;1
	13;0
@170
	1;1;0
	15;1;-2;5
	13;1
	8
	16;お家に帰って寝てればいいじゃないの。
	4;500
@171
	17;0;5
	16;こんなに花が咲いているのに
	16;おちおち寝てなんかいられるか。
	4;500
@172
	17;1;4
	16;でも、全く犯人も原因も判らないんでしょ？
	4;500
@173
	17;1;0
	16;そんなんでふらふら出歩いても無駄よ。
	4;500
@174
	17;0;6
	16;そういうお前はなんでふらふら出歩いている
	16;んだよ。
	4;500
@175
	17;1;5
	16;だって、犯人も原因も見当が付かないですから
	7;4
	4;500
	5;0;5
	5;1;5
	13;0
	25
@205
	0
	13;1
@0
	0
entry 24 (256)
@0
	24
	1;0;0
	1;1;0
	15;0;7;8
@50
	15;0;7;8
	16;こんなふらふらじゃいけないぜ！
	4;500
@51
	17;0;0
	16;今まで行ったことのない様な場所を探そう。
	4;500
	13;0
@81
	9;500
	13;1
@141
	15;-1;-1;-1
	4;1800
@0
	0
entry 25 (256)
@0
	24
	1;0;0
	1;1;0
	15;1;8;1
@50
	15;1;8;1
	16;本当に、一体何が原因なんでしょうねぇ。
	4;500
	13;0
@80
	9;500
	13;1
@140
	15;-1;-1;-1
	4;1800
@0
	0
entry 30 (256)
@0
	13;0
	7;5
@90
	13;1
	24
	1;0;0
	15;0;0;-1
	23;0
@140
	15;0;-1;-1
	16;ふーん。
	16;思ったよりここは普通なんだな。
	4;500
	15;1;-2;-1
	16;花が異常なのはこの世だけよ。
	4;500
	23;1
	13;0
@170
	1;1;0
	15;1;-2;0
	13;1
	8
	16;ここの桜は普通に桜。
	4;500
@171
	17;0;5
	16;そういえば、この世が異常な冬の時は
	16;ここだけ普通の春だったな。
	4;500
@172
	17;1;1
	16;何が言いたいの。
	16;花を咲かせたのは私達は関係ないよ。
	4;500
	5;0;5
	5;1;5
	5;2;5
	5;3;5
	13;0
	25
@202
	0
	13;1
@0
	0
entry 31 (256)
@0
	24
	1;0;0
	1;1;0
	15;0;6;8
@50
	15;0;6;8
	16;む。
	16;本当に関係なさそうだ。
	4;500
	13;0
@80
	9;500
	13;1
@140
	15;-1;-1;-1
	4;1800
@0
	0
entry 32 (256)
@0
	24
	1;0;0
	1;1;0
	15;1;8;3
@50
	15;1;8;3
	16;私だってこれから調べに出掛けようと
	16;していた所よ。
	4;500
	13;0
@80
	9;500
	13;1
@140
	15;-1;-1;-1
	4;1800
@0
	0
entry 40 (256)
@0
	13;0
	7;1
@90
	13;1
	24
	1;0;0
	15;0;6;-1
	23;0
@140
	15;0;-1;-1
	16;ここの家はいつも迷うんだよな。
	4;500
	15;1;-2;-1
	16;また勝手に上がり込んで！
	4;500
	23;1
	13;0
@170
	1;1;0
	15;1;-2;0
	13;1
	8
	16;いつも用は無いくせに。
	4;500
@171
	17;0;1
	16;誤解だ。
	16;今日は花の異変について調べに来ただけだ。
	4;500
@172
	17;1;5
	16;そんな事、私達に判るはずが無いじゃないの
	7;6
	4;500
	5;0;5
	5;1;5
	13;0
	25
@202
	0
	13;1
@0
	0
entry 41 (256)
@0
	24
	1;0;0
	1;1;0
	15;0;6;8
@50
	15;0;6;8
	16;さっぱり要領を得ないな。
	16;みんな花の事には気が付いている筈なのに。
	4;500
	13;0
@80
	9;500
	13;1
@140
	15;-1;-1;-1
	4;1800
@0
	0
entry 42 (256)
@0
	24
	1;0;0
	1;1;0
	15;1;8;0
@50
	15;1;8;0
	16;花のことは私が調べます。
	16;でも危険は感じられないけどね。
	4;500
	13;0
@80
	9;500
	13;1
@140
	15;-1;-1;-1
	4;1800
@0
	0
entry 50 (256)
@0
	13;0
	7;1
@90
	13;1
	24
	1;0;0
	15;0;6;-1
	23;0
@140
	15;0;-1;-1
	16;もう春だと言うのにちょっと冷えるな。
	4;500
	15;1;-2;-1
	16;氷を食べ過ぎると～
	4;500
	23;1
	13;0
@170
	1;1;0
	15;1;-2;2
	13;1
	8
	16;お腹を壊す～
	16;って、どしたの？
	4;500
@171
	17;0;4
	16;おまえか、
	16;冷える原因は！
	4;500
@172
	17;1;5
	16;腹巻きでも忘れたのね？
	7;7
	4;500
	5;0;5
	5;1;5
	13;0
	25
@202
	0
	13;1
@0
	0
entry 51 (256)
@0
	24
	1;0;0
	1;1;0
	15;0;0;8
@50
	15;0;0;8
	16;湖の上はただでさえ冷えるんだから、
	16;おまえは夏以外出没禁止。
	4;500
	13;0
@80
	9;500
	13;1
@140
	15;-1;-1;-1
	4;1800
@0
	0
entry 52 (256)
@0
	24
	1;0;0
	1;1;0
	15;1;8;2
@50
	15;1;8;2
	16;お腹壊しちゃ勝負にならないね。
	4;500
	13;0
@80
	9;500
	13;1
@140
	15;-1;-1;-1
	4;1800
@0
	0
entry 60 (256)
@0
	13;0
	7;1
@90
	13;1
	24
	1;0;0
	15;0;0;-1
	23;0
@140
	15;0;-1;-1
	16;雲の上は静かだな。
	16;地上はあんなに騒々しいのに。
	4;500
	15;1;-2;-1
	16;何を言っているの。
	4;500
	23;1
	13;0
@170
	1;1;0
	15;1;-2;0
	13;1
	8
	16;騒々しくなるのはこれからよ。
	4;500
@171
	17;0;4
	16;ああ、騒がしそうだな。
	16;でも一人だけじゃないか。
	4;500
@172
	17;0;5
	16;いつもの三分の一の騒音だな。
	4;500
@173
	17;1;5
	16;三倍よ三倍。
	16;ソロの方が音が通るのよ。
	7;8
	4;500
	5;0;5
	5;1;5
	13;0
	25
@203
	0
	13;1
@0
	0
entry 61 (256)
@0
	24
	1;0;0
	1;1;0
	15;0;4;8
@50
	15;0;4;8
	16;あー判った判った。
	16;確かにソロの方が喧しく聞こえるぜ。
	4;500
	13;0
@80
	9;500
	13;1
@140
	15;-1;-1;-1
	4;1800
@0
	0
entry 62 (256)
@0
	24
	1;0;0
	1;1;0
	15;1;8;2
@50
	15;1;8;2
	16;これから私の一人ツアーが始まるのよ。
	4;500
	13;0
@80
	9;500
	13;1
@140
	15;-1;-1;-1
	4;1800
@0
	0
entry 70 (256)
@0
	13;0
	7;1
@90
	13;1
	24
	1;0;0
	15;0;6;-1
	23;0
@140
	15;0;-1;-1
	16;桜だろうが桔梗だろうが菖蒲だろうが、
	16;全部同時に咲いてると気持ち悪いな。
	4;500
	15;1;-2;-1
	16;全部同時に見るから、
	4;500
	23;1
	13;0
@170
	1;1;0
	15;1;-2;5
	13;1
	8
	16;気持ち悪いのよ～
	4;500
@171
	17;0;5
	16;視野狭窄には陥りたくないからな。
	4;500
@172
	17;1;1
	16;時には近くを見ないと当たるよ？
	16;鳥の襲撃にね！
	7;9
	4;500
	5;0;5
	5;1;5
	13;0
	25
@202
	0
	13;1
@0
	0
entry 71 (256)
@0
	24
	1;0;0
	1;1;0
	15;0;0;8
@50
	15;0;0;8
	16;鳥の下を歩くのは好きじゃないな。
	16;所詮猛禽類だし。
	4;500
	13;0
@80
	9;500
	13;1
@140
	15;-1;-1;-1
	4;1800
@0
	0
entry 72 (256)
@0
	24
	1;0;0
	1;1;0
	15;1;8;2
@50
	15;1;8;2
	16;花があまりに綺麗だからぁ～
	16;今日も浮かれた人間が通る～♪
	4;500
	13;0
@80
	9;500
	13;1
@140
	15;-1;-1;-1
	4;1800
@0
	0
entry 80 (256)
@0
	13;0
	7;1
@90
	13;1
	24
	1;0;0
	15;0;0;-1
	23;0
@140
	15;0;-1;-1
	16;さっきから色んな所をぐるぐる回っている
	16;だけだな。
	4;500
	15;1;-2;-1
	16;今回ばかりは、
	4;500
	23;1
	13;0
@170
	1;1;0
	15;1;-2;5
	13;1
	8
	16;ふらふら飛んでいるだけじゃ何にも
	16;変わらないよ！
	4;500
@171
	17;0;5
	7;10
	16;あ、ラッキーアイテムだ！
	16;ラッキーだ。
	4;500
@172
	17;1;1
	16;アイテムじゃないけどまあいいや。
	4;500
	5;0;5
	5;1;5
	5;2;5
	5;3;5
	13;0
	25
@202
	0
	13;1
@0
	0
entry 81 (256)
@0
	24
	1;0;0
	1;1;0
	15;0;2;8
@50
	15;0;2;8
	16;ラッキーアイテムじゃ無ければレアアイテム。
	4;500
@51
	17;0;2
	16;きっと良いことが有るに違いない。
	4;500
	13;0
@81
	9;500
	13;1
@141
	15;-1;-1;-1
	4;1800
@0
	0
entry 82 (256)
@0
	24
	1;0;0
	1;1;0
	15;1;8;2
@50
	15;1;8;2
	16;弱いね。
	16;かけっこで兎に敵うはずもないけど。
	4;500
	13;0
@80
	9;500
	13;1
@140
	15;-1;-1;-1
	4;1800
@0
	0
entry 100 (256)
@0
	13;0
	7;18
@90
	13;1
	24
	1;0;0
	15;0;0;-1
	23;0
@140
	15;0;-1;-1
	16;どうしたもんかなぁ。
	4;500
@141
	17;0;6
	16;何処に行ってもまんべんなく異変の影響を受け
	16;ているし、異変の流れも見えてこないぜ。
	4;500
@142
	17;0;0
	16;異変に危険を感じないのもその所為だな……
	4;500
	15;1;-2;-1
	7;-1
	16;こんな山奥の池でブツブツと、
	16;いつもの貴方らしくないですね。
	4;500
@143
	17;0;7
	16;何やつ！
	4;500
	23;1
	13;0
@173
	1;1;0
	15;1;-2;0
	13;1
	8
	16;何か事件が起こればすぐに駆けつけるわ、
	16;これでも新聞記者なの。
	7;12
	4;500
@174
	17;0;4
	16;天狗か……
	16;この花の異変を記事にしてるのか？
	4;500
@175
	17;1;1
	16;花、ですか？
	4;500
@176
	17;1;0
	16;これは記事にする程の事では無い気もします
	16;が……
	4;500
@177
	17;0;6
	16;そうか？
	16;幻想郷中花だらけだぜ？
	4;500
@178
	17;1;6
	16;花には何にも脅威を感じません。
	4;500
@179
	17;1;2
	16;それより貴方の行動の方が記事になりそうな
	16;気がします。
	4;500
@180
	17;1;0
	16;実は、これまでも貴方を記事にしてきました。
	4;500
@181
	17;1;0
	16;貴方の泥棒稼業の犯行現場とか。
	4;500
@182
	17;0;0
	16;そりゃ人違いだぜ。
	4;500
@183
	17;1;5
	16;激写してます。
	16;もうその写真の入った新聞も発行済みです。
	4;500
@184
	17;0;3
	16;盗撮か……趣味悪いな。
	4;500
@185
	17;0;5
	16;天狗だろうが何だろうが、こっちは花に浮か
	16;れているんだ。
	4;500
@186
	17;1;0
	16;その様ですね。
	4;500
@187
	17;0;1
	16;だから、ここは戦って頭を冷やさないとな！
	16;あとついでにネガも寄こせ。
	4;500
	5;0;5
	5;1;5
	5;2;5
	5;3;5
	13;0
	25
@217
	0
	13;1
@0
	0
entry 101 (256)
@0
	24
	1;0;0
	1;1;0
	15;0;2;8
@50
	15;0;2;8
	16;どうだ。デバガメ野郎なんかこうだ！
	4;500
@51
	17;1;8
	16;もう……。善良な市民の味方を攻撃してどうす
	16;るんですか。
	4;500
@52
	17;0;2
	16;ところで、ほんとに記者のくせに花の異変につ
	16;いて何にも調べてないのか？
	4;500
@53
	17;1;8
	16;してないこともないですが、そもそも
	16;花が多いのは異変では無いと思います。
	4;500
@54
	17;0;0
	16;何だって？
	4;500
@55
	17;1;8
	16;どう考えたって、花よりも幽霊の方が多いじゃ
	16;ないですか。
	4;500
@56
	17;1;8
	16;しかもこの幽霊って……
	4;500
@57
	17;0;5
	16;勿体ぶった言い方するんだな。
	4;500
@58
	17;1;8
	16;記事のネタになりますから
	16;まだ誰にも教えませんよ？
	4;500
	13;0
@88
	9;500
	13;1
@148
	15;-1;-1;-1
	4;1800
@0
	0
entry 102 (256)
@0
	24
	1;0;0
	1;1;0
	15;1;8;2
@50
	15;1;8;2
	16;面白い人間だけど……
	16;ただ攻撃する程度じゃ記事は書けないわ。
	4;500
	13;0
@80
	9;500
	13;1
@140
	15;-1;-1;-1
	4;1800
@0
	0
entry 120 (256)
@0
	13;0
	7;14
@90
	13;1
	24
	1;0;0
	15;0;7;-1
	23;0
@140
	15;0;-1;-1
	16;そうか、幽霊か。
	16;花に浮かれて油断してたよ。
	4;500
@141
	17;0;0
	16;花と妖精に紛れて幽霊だらけじゃないか。
	4;500
@142
	17;0;6
	16;この幽霊と花の関係も無さそうでありそうだ。
	4;500
	15;1;-2;-1
	16;無縁塚に現れる人間なんざ、
	16;死にたがりしかいないよ。
	4;500
@143
	17;0;7
	16;誰が死にたがる！
	4;500
	23;1
	13;0
@173
	1;1;0
	15;1;-2;5
	13;1
	16;さあ、まだまだこの世には楽しいことがある。
	16;死ぬだなんて十年早い。
	4;500
@174
	17;0;0
	16;十年後も死ぬつもりはないな。
	4;500
@175
	17;1;0
	8
	16;あたいは三途の川の一級案内人、
	16;小野塚の小町。
	4;500
@176
	17;1;5
	16;まだまだ川を渡らせる訳にはいかない
	16;今無理に渡ろうとすると……
	4;500
@177
	17;1;1
	16;川の途中で落としてやるから覚悟しな。
	4;500
@178
	17;0;5
	16;死ぬつもりもなければ、
	16;三途の川を渡るつもりもない。
	4;500
@179
	17;0;0
	16;落ちるつもりなんて以ての外だ。
	4;500
@180
	17;0;0
	16;今日は、取りあえず最も幽霊が集まる、
	16;ここ無縁塚に来てみただけだ。
	4;500
@181
	17;0;1
	16;幻想郷が幽霊だらけになってるからな。
	4;500
@182
	17;1;0
	16;幽霊？
	4;500
@183
	17;1;7
	16;ああ、幽霊、幽霊？
	16;幽霊が増えただって？
	4;500
@184
	17;0;3
	16;見ての通り花でも妖精でも、
	4;500
@185
	17;0;3
	16;ちょいとつつけば
	16;幽霊が出てくる状態じゃないか。
	4;500
@186
	17;1;6
	16;ああ、なんてこと。
	16;仕事量が増えて追っつかないというのに。
	4;500
@187
	17;1;6
	16;どうもみんな三途の川を渡るのを
	16;待っている幽霊ね……
	4;500
@188
	17;0;7
	16;三途の川を渡らせるのはお前の仕事じゃ
	16;ないのか？
	4;500
@189
	17;0;5
	16;行列が出来てるのにほったらかしだなんて
	16;怠慢だな。
	4;500
@190
	17;1;3
	16;仕事だけどー
	16;自分のペースで仕事をさせてよ！
	4;500
@191
	17;0;4
	16;逆ギレするな。
	4;500
@192
	17;0;0
	16;そもそも何で急に幽霊が増えたんだ？
	16;この幽霊、外の世界の幽霊だろう？
	4;500
@193
	17;1;0
	16;さあ？　ただみんな死んだと思っていないか
	16;まだ死にたくないと思ってる人間の霊だ。
	4;500
@194
	17;1;0
	16;無理に川を渡らせても可哀想だから待って。
	4;500
@195
	17;0;4
	16;良いから彼岸に送れ！
	4;500
@196
	17;0;0
	16;まずは幽霊の数を正常化しないと
	16;埒があかん。
	4;500
@197
	17;1;5
	16;そんなに怒らないでよ、
	16;あたいだって頑張ってるんだから。
	4;500
@198
	17;0;5
	16;既に怠け癖がついていそうだな。
	16;何処ぞの巫女みたいだぜ。
	4;500
@199
	17;1;0
	16;判ったよ。
	4;500
@200
	17;1;0
	16;のんびり仕事をするのを邪魔するのなら
	16;容赦はしない。
	4;500
@201
	17;1;1
	16;さっさと帰れ。生きた人間にとって、
	16;三途の川は無限大の幅だ！　渡らせない！
	4;500
	5;0;5
	5;1;5
	5;2;5
	5;3;5
	13;0
	25
@231
	0
	13;1
@0
	0
entry 121 (256)
@0
	24
	1;0;0
	1;1;0
	15;0;2;8
@50
	15;0;2;8
	16;とにかく、幽霊は頑張って彼岸に送るんだな。
	4;500
@51
	17;1;8
	16;て言ったって、こんなに大勢の幽霊なんか。
	16;無理よ～
	4;500
@52
	17;0;4
	16;一匹でも私には彼岸に送ることは出来ないぜ
	4;500
@53
	17;0;1
	16;だからそれが出来るお前がやるしかない。
	4;500
	15;-1;7;7
	16;何サボってるの！　小町！
	4;500
@54
	17;1;8
	16;きゃん！
	4;500
@55
	17;0;0
	16;ほら、上司がお怒りの様子だぜ。
	4;500
	13;0
@85
	9;500
	13;1
@145
	15;-1;-1;-1
	4;1800
@0
	0
entry 122 (256)
@0
	24
	1;0;0
	1;1;0
	15;1;8;6
@50
	15;1;8;6
	16;こんなにやる気満々の人間が、
	16;何で死のうと思うんだか……世も末だな
	4;500
	13;0
@80
	9;500
	13;1
@140
	15;-1;-1;-1
	4;1800
@0
	0
entry 130 (256)
@0
	13;0
	7;18
@90
	13;1
	24
	1;0;0
	15;1;0;-1
	23;0
@140
	15;1;-1;-1
	16;小町が何時まで経っても霊を運んでこないから
	16;様子を見に来れば……
	4;500
@141
	17;1;-1
	16;此岸は幽霊だらけじゃないの。
	4;500
@142
	17;1;-1
	16;おまけに花も大変なことに……小町、貴方は
	16;人間と戯れてる場合じゃないでしょう？
	4;500
@143
	17;0;5
	16;酒かっくらってサボってたぜ。
	16;あんたが上司なら少しお灸を据えてやってくれ
	4;500
	23;1
	13;0
@173
	1;1;0
	15;1;-2;0
	13;1
	16;小町ったら、もっと真面目な娘だと
	16;思ってたのに……
	4;500
@174
	17;0;4
	16;まあいいや。
	4;500
@175
	17;0;0
	16;で、幽霊はこいつがサボってたからとして……
	16;結局花は何だったんだ？
	4;500
@176
	17;1;0
	16;花はね。死んだ人間の性格の花
	16;幽霊の性格の花ね。
	4;500
@177
	17;1;0
	16;幽霊も行き場を失って、
	16;花に憑依したのでしょう
	4;500
@178
	17;1;5
	16;彼岸にもいけず、縁故も無く、死んだことさえ
	16;気が付かない人間が宿る無縁の花。
	4;500
@179
	17;0;7
	16;げげ、
	4;500
@180
	17;0;6
	16;もしかして花一つ一つが人間のなれの果てか？
	16;さっき摘んじゃったぜ。大量に。
	4;500
@181
	17;1;2
	7;-1
	16;大量殺人ね。
	4;500
@182
	17;0;1
	16;いいや、これが成仏だ。
	4;500
@183
	17;1;0
	16;そんな事より、貴方。
	4;500
@184
	17;1;0
	7;15
	28;1
	16;そう、貴方は少し嘘を吐き過ぎる。
	4;500
@185
	17;0;1
	16;そんなこたぁ無い。
	16;生まれて此の方、嘘一つ吐いたことが無い。
	4;500
@186
	17;1;6
	16;これからもそのままだと……
	16;貴方は舌を抜かれる事になる。
	4;500
@187
	17;0;6
	16;なんだ？
	16;突然年寄りの説教みたいな事言うんだな。
	4;500
@188
	17;1;0
	16;普段の生活から見直す必要があるわ。
	4;500
@189
	17;1;1
	16;もし私が貴方の裁きを担当すれば
	16;貴方は舌抜きの刑ね。
	4;500
@190
	17;0;1
	16;アレか？　最初から予備の舌を
	16;用意しておけばいいのか？
	4;500
@191
	17;1;4
	16;二枚舌は二枚とも抜きます。
	4;500
@192
	17;1;0
	16;その減らず口も今の内に直した方が良いわね。
	4;500
@193
	17;0;5
	16;そうか、舌を抜かれたくなければ
	16;お前を倒せばいいんだな？
	4;500
@194
	17;1;0
	16;地獄の存在は、罰を与えるために
	16;有るわけではないのです。
	4;500
@195
	17;1;0
	16;最初から生者に罪を負わせない為に地獄はある
	16;それを生者に気付かせるために私が居る。
	4;500
@196
	17;1;1
	16;貴方は、少し痛い目にあってでも、
	16;自分の生活を見つめ直すがいい！
	4;500
	5;0;5
	5;1;5
	5;2;5
	5;3;5
	13;0
	25
@226
	0
	13;1
@0
	0
entry 131 (256)
@0
	4;500
	13;0
	9;0
	13;1
@1
	4;1800
	14
@300
	0
@0
	0
entry 132 (256)
@0
	24
	1;0;0
	1;1;0
	15;1;8;0
@50
	15;1;8;0
	16;嘘を吐くのを止めさせる理由を理解するまで、
	16;私は貴方に罰を与える。
	4;500
	13;0
@80
	9;500
	13;1
@140
	15;-1;-1;-1
	4;1800
@0
	0
