entry 200 (256)
@0
	23;0
	23;1
	25
@20
	0
@0
	0
entry 201 (256)
@0
	23;0
	23;1
	25
@20
	0
@0
	0
entry 0 (256)
@0
	13;0
	7;1
@90
	13;1
	24
	1;0;0
	15;0;0;-1
	23;0
@140
	15;0;-1;-1
	16;竹の花が……
	4;500
	15;1;-2;-1
	16;珍しいでしょう？
	4;500
	23;1
	13;0
@170
	1;1;0
	15;1;-2;0
	13;1
	8
	16;と言っても花は珍しくないけど。
	4;500
@171
	17;0;5
	16;これだけ咲いていれば今夜は竹の花ご飯ね。
	4;500
@172
	17;1;4
	16;私は筍ご飯の方がいくばくか良いわ。
	7;2
	4;500
	5;0;5
	5;1;5
	13;0
	25
@202
	0
	13;1
@0
	0
entry 1 (256)
@0
	24
	1;0;0
	1;1;0
	15;0;0;8
@50
	15;0;0;8
	16;珍しい食材の方が、何故美味しいのか判る？
	4;500
	16;それは人間は舌で味を感じるのではなく、
	16;脳で味を感じるからなのよ。
	4;500
	13;0
@80
	9;500
	13;1
@140
	15;-1;-1;-1
	4;1800
@0
	0
entry 2 (256)
@0
	24
	1;0;0
	1;1;0
	15;1;8;0
@50
	15;1;8;0
	16;でも筍は季節じゃないわね。
	4;500
	13;0
@80
	9;500
	13;1
@140
	15;-1;-1;-1
	4;1800
@0
	0
entry 10 (256)
@0
	13;0
	7;1
@90
	13;1
	24
	1;0;0
	15;0;7;-1
	23;0
@140
	15;0;-1;-1
	16;何処まで行っても花しか無いのね。
	16;これじゃ何が起こっているのか判らないわ。
	4;500
	15;1;-2;-1
	16;どうした？
	4;500
	23;1
	13;0
@170
	1;1;0
	15;1;-2;0
	13;1
	8
	16;お前も犯人捜しか？
	4;500
@171
	17;0;5
	16;いや、ただ花が綺麗だったから。
	4;500
@172
	17;1;5
	16;お前は蜂か。
	7;3
	4;500
	5;0;5
	5;1;5
	13;0
	25
@202
	0
	13;1
@0
	0
entry 11 (256)
@0
	24
	1;0;0
	1;1;0
	15;0;1;8
@50
	15;0;1;8
	16;ただその辺を飛んでいるだけじゃ、
	16;目的の場所は見つからないわね。
	4;500
	13;0
@80
	9;500
	13;1
@140
	15;-1;-1;-1
	4;1800
@0
	0
entry 12 (256)
@0
	24
	1;0;0
	1;1;0
	15;1;8;1
@50
	15;1;8;1
	16;最近、みんなの目的意識が失われている気が
	16;するな。
	4;500
	13;0
@80
	9;500
	13;1
@140
	15;-1;-1;-1
	4;1800
@0
	0
entry 30 (256)
@0
	13;0
	7;5
@90
	13;1
	24
	1;0;0
	15;0;7;-1
	23;0
@140
	15;0;-1;-1
	16;あれ？
	16;ここも花だらけなのを想像していたけど……
	4;500
	15;1;-2;-1
	16;花だらけなのは、
	4;500
	23;1
	13;0
@170
	1;1;0
	15;1;-2;0
	13;1
	8
	16;この世だけです。
	16;ここは、あの世はいつも通りなのです。
	4;500
@171
	17;0;5
	16;そうなのね……
	16;その辺に何かヒントが有りそうね。
	4;500
@172
	17;1;0
	16;嘘じゃないですよ？
	4;500
	5;0;5
	5;1;5
	5;2;5
	5;3;5
	13;0
	25
@202
	0
	13;1
@0
	0
entry 31 (256)
@0
	24
	1;0;0
	1;1;0
	15;1;1;8
@50
	15;1;1;8
	16;嘘じゃないって言ったのにー
	4;500
@51
	17;0;4
	16;それを言ったから急に怪しく見えたのよ！
	4;500
	13;0
@81
	9;500
	13;1
@141
	15;-1;-1;-1
	4;1800
@0
	0
entry 32 (256)
@0
	24
	1;0;0
	1;1;0
	15;1;8;1
@50
	15;1;8;1
	16;嘘じゃないって言ったのに
	16;何で攻撃するんですか。
	4;500
	13;0
@80
	9;500
	13;1
@140
	15;-1;-1;-1
	4;1800
@0
	0
entry 40 (256)
@0
	13;0
	7;1
@90
	13;1
	24
	1;0;0
	15;0;7;-1
	23;0
@140
	15;0;-1;-1
	16;この家はいつも暗いわよねぇ。
	16;紅魔館も窓は少ないけど、ここまで……
	4;500
	15;1;-2;-1
	16;日本家屋は品のない灯りを点けたりはしないの
	4;500
	23;1
	13;0
@170
	1;1;0
	15;1;-2;0
	13;1
	8
	16;だから、この位暗いものなのよ。
	16;で？　何の用？
	4;500
@171
	17;0;5
	16;ヒントを探しているのです。
	4;500
@172
	17;1;4
	16;ヒントの前に問題を教えてよ。
	7;6
	4;500
	5;0;5
	5;1;5
	13;0
	25
@202
	0
	13;1
@0
	0
entry 41 (256)
@0
	24
	1;0;0
	1;1;0
	15;0;1;8
@50
	15;0;1;8
	16;そもそも家の中に入った時点で
	16;間違いだったわね。
	4;500
@51
	17;0;5
	16;花が見えないし。
	4;500
	13;0
@81
	9;500
	13;1
@141
	15;-1;-1;-1
	4;1800
@0
	0
entry 42 (256)
@0
	24
	1;0;0
	1;1;0
	15;1;8;1
@50
	15;1;8;1
	16;ああ、花の事？
	16;それは私が調査中よ。
	4;500
	13;0
@80
	9;500
	13;1
@140
	15;-1;-1;-1
	4;1800
@0
	0
entry 50 (256)
@0
	13;0
	7;1
@90
	13;1
	24
	1;0;0
	15;0;0;-1
	23;0
@140
	15;0;-1;-1
	16;暖かくなったとはいえ、
	16;まだ湖の上は寒いわね。
	4;500
	15;1;-2;-1
	16;蛙や蛙～春を忘れて冬眠、冬眠。
	4;500
	23;1
	13;0
@170
	1;1;0
	15;1;-2;2
	13;1
	8
	16;蛙を冷やすと冬眠から目が覚めないのよね。
	16;楽しい。
	4;500
@171
	17;0;4
	16;楽しい？
	4;500
@172
	17;1;5
	16;ああ楽しい。
	16;不自然な花を見るより楽しいよ！
	7;7
	4;500
	5;0;5
	5;1;5
	13;0
	25
@202
	0
	13;1
@0
	0
entry 51 (256)
@0
	24
	1;0;0
	1;1;0
	15;0;0;8
@50
	15;0;0;8
	16;悪戯が過ぎる貴方は、妖怪ガマから痛い目に
	16;遭わされる運命にあると思う。
	4;500
	13;0
@80
	9;500
	13;1
@140
	15;-1;-1;-1
	4;1800
@0
	0
entry 52 (256)
@0
	24
	1;0;0
	1;1;0
	15;1;8;2
@50
	15;1;8;2
	16;冬眠というか凍っちゃったかも。
	16;凍眠ね。
	4;500
	13;0
@80
	9;500
	13;1
@140
	15;-1;-1;-1
	4;1800
@0
	0
entry 60 (256)
@0
	13;0
	7;1
@90
	13;1
	24
	1;0;0
	15;0;0;-1
	23;0
@140
	15;0;-1;-1
	16;雲の上には……
	16;何も異常は見つけられないわね。
	4;500
	15;1;-2;-1
	16;お空の上にまでやってくるなんて。
	4;500
	23;1
	13;0
@170
	1;1;0
	15;1;-2;0
	13;1
	8
	16;珍しいじゃないのー
	4;500
@171
	17;0;4
	16;まあ、何かヒントになる物は無いかなと
	16;思ったんだけど。
	4;500
@172
	17;1;5
	16;よっぽど見当が付かないのねー
	16;花の異変の原因が雲の上に有る訳無いじゃん。
	7;8
	4;500
	5;0;5
	5;1;5
	13;0
	25
@202
	0
	13;1
@0
	0
entry 61 (256)
@0
	24
	1;0;0
	1;1;0
	15;0;0;8
@50
	15;0;0;8
	16;雲の上はいつものように騒がしかったが、
	16;花は咲いていなかった、と……
	4;500
	13;0
@80
	9;500
	13;1
@140
	15;-1;-1;-1
	4;1800
@0
	0
entry 62 (256)
@0
	24
	1;0;0
	1;1;0
	15;1;8;2
@50
	15;1;8;2
	16;さあさあ、私のソロ活動はここから始まるの。
	4;500
	13;0
@80
	9;500
	13;1
@140
	15;-1;-1;-1
	4;1800
@0
	0
entry 70 (256)
@0
	13;0
	7;1
@90
	13;1
	24
	1;0;0
	15;0;0;-1
	23;0
@140
	15;0;-1;-1
	16;この辺は昼間でも余り通らないところだけど
	16;結構綺麗なのね。
	4;500
	15;1;-2;-1
	16;春風や～教えておくれ～♪
	4;500
	23;1
	13;0
@170
	1;1;0
	15;1;-2;2
	13;1
	8
	15;1;4;2
	16;明日のおかずと今晩のおかず～♪
	4;500
@171
	17;0;5
	16;春風に訊くまでもないわ。
	16;明日のおかずはフライドチキン。
	4;500
@172
	17;1;1
	16;今晩のおかずはメイド人間！
	7;9
	4;500
	5;0;5
	5;1;5
	13;0
	25
@202
	0
	13;1
@0
	0
entry 71 (256)
@0
	24
	1;0;0
	1;1;0
	15;0;0;8
@50
	15;0;0;8
	16;ではさっそく。
	4;500
	13;0
@80
	9;500
	13;1
@140
	15;-1;-1;-1
	4;1800
@0
	0
entry 72 (256)
@0
	24
	1;0;0
	1;1;0
	15;1;8;2
@50
	15;1;8;2
	16;こんな道を通ろうとした人間が愚かなのさ。
	4;500
	13;0
@80
	9;500
	13;1
@140
	15;-1;-1;-1
	4;1800
@0
	0
entry 80 (256)
@0
	13;0
	7;1
@90
	13;1
	24
	1;0;0
	15;0;0;-1
	23;0
@140
	15;0;-1;-1
	16;どうしてかしら。
	16;地上はまんべんなく異変なのに……
	4;500
	15;1;-2;-1
	16;あれ？
	16;竹林で迷ったのかなぁ
	4;500
	23;1
	13;0
@170
	1;1;0
	15;1;-2;5
	13;1
	8
	7;10
	16;さっきから何度もここを通ってるわよねぇ。
	4;500
@171
	17;0;5
	16;あ、何か小さな変化が起こった予感がするわ。
	4;500
@172
	17;0;1
	16;これで、花の異変にぐぐーと近づいたかも知れ
	16;ない。
	4;500
@173
	17;1;6
	16;花？
	16;竹林で迷ってるんでしょう？
	4;500
@174
	17;1;2
	16;竹林から出たいなら、私の言うとおりに
	16;帰るといいわよ。
	4;500
	5;0;5
	5;1;5
	5;2;5
	5;3;5
	13;0
	25
@204
	0
	13;1
@0
	0
entry 81 (256)
@0
	24
	1;0;0
	1;1;0
	15;0;2;8
@50
	15;0;2;8
	16;いや、最初から迷ってないけどね。
	4;500
@51
	17;0;2
	16;でも、貴方から貰った幸運で目的地が判りそう
	16;な気がするわ。
	4;500
	13;0
@81
	9;500
	13;1
@141
	15;-1;-1;-1
	4;1800
@0
	0
entry 82 (256)
@0
	24
	1;0;0
	1;1;0
	15;1;8;2
@50
	15;1;8;2
	16;竹林から抜ける道は、あっち。
	16;あはは。
	4;500
	13;0
@80
	9;500
	13;1
@140
	15;-1;-1;-1
	4;1800
@0
	0
entry 110 (256)
@0
	13;0
	7;18
@90
	13;1
	24
	1;0;0
	15;0;0;-1
	23;0
@140
	15;0;-1;-1
	16;いつもは絶対来ない山に入ってみたけど……
	4;500
@141
	17;0;0
	16;こんな所に鈴蘭畑があるなんて初めて知ったわ
	4;500
@142
	17;0;1
	16;これは薬に良いかもしれないわね。
	4;500
	15;1;-2;-1
	7;-1
	16;薬ですって～？
	16;毒薬でも作ろうと言うのかしら。
	4;500
@143
	17;0;7
	16;あら誰か居たのかしら。
	4;500
	23;1
	13;0
@173
	1;1;0
	15;1;-2;2
	13;1
	7;13
	8
	28;1
	16;そうねえ。今は鈴蘭が咲き放題だから
	16;毒薬も作り放題だわ。
	4;500
@174
	17;0;0
	16;鈴蘭ってそんなに毒ありましたっけ？
	4;500
@175
	17;1;0
	16;毒はね。
	16;強すぎるとすぐにはき出されてしまう。
	4;500
@176
	17;1;1
	16;でもほんの微量の毒は気が付かないうちに
	16;全身にまわるの。
	4;500
@177
	17;1;5
	16;一番怖い毒は、少しずつ体を蝕んでいく毒、
	16;精神を蝕んでいく毒。
	4;500
@178
	17;0;6
	16;そんなこと言ったら、お酒なんか一番の
	16;毒なのかしら？
	4;500
@179
	17;1;2
	16;うふふ。
	4;500
@180
	17;1;5
	16;貴方は幸運ね。
	16;こんな鈴蘭畑で眠れるなんて。
	4;500
@181
	17;0;0
	16;さっき幸運の兎を見つけたからね……って、
	4;500
@182
	17;0;6
	16;そういえば、何か眠くなってきたわ……
	4;500
@183
	17;1;6
	16;こんな微弱な毒で覆われた鈴蘭畑。
	16;本来花は毒を持つのよねぇ。
	4;500
@184
	17;0;6
	16;昨日ちょっと遅くまで起きてたからかしら？
	16;これは早めに勝負をつけないと……
	4;500
@185
	17;0;4
	16;ってなんで、貴方はこの毒が平気なの？
	4;500
@186
	17;1;2
	16;あは、見て判らないのー？
	16;私は生き物でも死に物でも無いもん。
	4;500
@187
	17;1;5
	16;私は捨てられた人形なんだから。
	16;私にとって毒なんて化粧品でしかない！
	4;500
	5;0;5
	5;1;5
	5;2;5
	5;3;5
	13;0
	25
@217
	0
	13;1
@0
	0
entry 111 (256)
@0
	24
	1;0;0
	1;1;0
	15;0;6;8
@50
	15;0;6;8
	16;ここは危険だわ……
	16;早くここから離れた方が良いわね。
	4;500
@51
	17;1;8
	16;ああもう……
	16;躰の修復に時間がかかりそう。
	4;500
@52
	17;0;0
	16;やっぱり、微弱な毒より、即効性の毒の方が
	16;強いんじゃないかしら？
	4;500
@53
	17;1;8
	16;うーん。そうかも。
	16;じゃあこれ飲んでみて？
	4;500
@54
	17;0;0
	16;何かしら。
	4;500
@55
	17;1;8
	16;ベラドンナドリンク。
	4;500
@56
	17;0;4
	16;誰が飲みますか。
	4;500
	13;0
@86
	9;500
	13;1
@146
	15;-1;-1;-1
	4;1800
@0
	0
entry 112 (256)
@0
	24
	1;0;0
	1;1;0
	15;1;8;2
@50
	15;1;8;2
	16;そのまま……ゆっくりと……
	16;躰に、心に毒がまわるわね。
	4;500
	13;0
@80
	9;500
	13;1
@140
	15;-1;-1;-1
	4;1800
@0
	0
entry 120 (256)
@0
	13;0
	7;14
@90
	13;1
	24
	1;0;0
	15;0;6;-1
	23;0
@140
	15;0;-1;-1
	16;行ける場所は殆ど行き尽くしたわね。
	4;500
@141
	17;0;0
	16;春の花、夏の花、秋の花、冬の花、毒の花、
	16;何処に行っても同じような光景だったわ。
	4;500
@142
	17;0;5
	16;ただ、さっきの鈴蘭畑で気付いたけど、
	16;同じ花なら、生命力を感じさせる花が怪しい。
	4;500
@143
	17;0;1
	16;重大なヒントね……
	4;500
	15;1;-2;-1
	16;また死にたがりが来たか。
	16;今ならまだやり直せる。思い直すんだ！
	4;500
@144
	17;0;6
	16;あれ？
	16;私は何時自殺しようと思ったのかしら。
	4;500
	23;1
	13;0
@174
	1;1;0
	15;1;-2;5
	13;1
	16;ここは無縁の者が眠る無縁塚。
	16;生きた人間が来る目的なんて自殺しかない。
	4;500
@175
	17;0;0
	16;私は、生命力を感じさせる花を探して
	16;ここまで来ただけですわ。
	4;500
@176
	17;0;5
	16;私に生の良さを訴える貴方は誰かしら？
	4;500
@177
	17;1;0
	8
	16;あたいは三途の川の一級案内人、
	16;小野塚の小町。
	4;500
@178
	17;1;5
	16;自殺者なんか、川の途中で落としてやるから
	16;その覚悟しな。
	4;500
@179
	17;0;4
	16;覚悟しないわよ。もう。
	4;500
@180
	17;0;0
	16;毒のある花が怪しいとすれば、一番彼岸花が
	16;怪しいと思ってここに来たの。
	4;500
@181
	17;1;6
	16;彼岸花？
	4;500
@182
	17;1;5
	16;馬鹿だなぁ。
	16;今の時期に彼岸花なんて咲いている筈が……
	4;500
@183
	17;0;0
	16;咲き放題よ？
	16;貴方の周りをご覧なさい？
	4;500
@184
	17;1;7
	16;ええ？　どうなってるの？
	16;彼岸花が咲いている、それに紫の桜も……
	4;500
@185
	17;1;4
	16;あれ？
	16;これってもしかして！
	4;500
@186
	17;0;5
	16;なんか知っているようね。
	4;500
@187
	17;1;0
	16;い、いや。何にも知らないわ。
	4;500
@188
	17;0;0
	16;幻想郷中を飛び回り何処に行っても手掛かり
	16;一つ無く……
	4;500
@189
	17;0;1
	16;普段来るはずもない無縁塚までやってきて、
	16;ようやく原因が判明しそうだわ。
	4;500
@190
	17;1;4
	16;知らないってば、
	16;あたいは忙しいから、これにて……
	4;500
@191
	17;0;7
	16;ちょっと待て。
	4;500
@192
	17;0;5
	16;今逃げたら自殺するわよ？
	4;500
@193
	17;1;7
	16;ぎゃあ、
	16;迷惑な人間だなぁ。
	4;500
@194
	17;1;4
	16;でも忙しいのはほんと。
	4;500
@195
	17;0;2
	16;彼岸花は正解だったわね。
	16;今、貴方を逃すわけにはいかないよ！
	4;500
@196
	17;1;6
	16;判ったよ。
	4;500
@197
	17;1;0
	16;この狂い咲きの彼岸花は、
	16;あたいの仕事の忙しさを表すバロメータ
	4;500
@198
	17;1;1
	16;外の世界の平和が乱れた証拠の毒の花、
	16;仕事の邪魔するなら容赦はしない！
	4;500
	5;0;5
	5;1;5
	5;2;5
	5;3;5
	13;0
	25
@228
	0
	13;1
@0
	0
entry 121 (256)
@0
	24
	1;0;0
	1;1;0
	15;0;0;8
@50
	15;0;0;8
	16;で、花の異変はなんだったのかしら？
	4;500
@51
	17;1;8
	16;だから～
	16;仕事を邪魔しないでよ～
	4;500
@52
	17;1;8
	16;このまま私の仕事の邪魔をするときっと……
	4;500
@53
	17;0;4
	16;ボスに怒られちゃうとか？
	4;500
	15;-1;7;7
	16;何サボってるの！　小町！
	4;500
@54
	17;1;8
	16;きゃん！
	4;500
@55
	17;0;0
	16;（あら冗談のつもりでしたのに……）
	4;500
	13;0
@85
	9;500
	13;1
@145
	15;-1;-1;-1
	4;1800
@0
	0
entry 122 (256)
@0
	24
	1;0;0
	1;1;0
	15;1;8;6
@50
	15;1;8;6
	16;自殺するなら殺してやるからな、
	16;その覚悟で居るが良い。
	4;500
	13;0
@80
	9;500
	13;1
@140
	15;-1;-1;-1
	4;1800
@0
	0
entry 130 (256)
@0
	13;0
	7;18
@90
	13;1
	24
	1;0;0
	15;1;6;-1
	23;0
@140
	15;1;-1;-1
	16;小町が何時まで経っても霊を運んでこないから
	16;様子を見に来れば……
	4;500
@141
	17;1;-1
	16;此岸は幽霊だらけ花だらけ。
	4;500
@142
	17;1;-1
	16;おまけに小町は人間と戯れている、
	16;何をサボっているのかしら。
	4;500
@143
	17;0;7
	16;あら、私が仕事の邪魔をしたわけではない
	16;ですわ。
	4;500
	23;1
	13;0
@173
	1;1;0
	15;1;-2;5
	13;1
	16;現状では、小町の仕事量が多すぎるのね。
	4;500
@174
	17;0;4
	16;貴方達の商売繁盛の話はどうでも良いのです。
	4;500
@175
	17;0;0
	16;それより、周りの現状を見てください。
	16;花の咲き方が異常だと思いませんか？
	4;500
@176
	17;1;0
	16;勿論判っています。
	16;でもそれも商売繁盛の話と同じなのですよ。
	4;500
@177
	17;0;1
	16;（花が咲いて商売繁盛って、
	16;　この人は花売りかしら？）
	4;500
@178
	17;1;1
	16;花はね。外の世界の霊が行き場を失って
	16;取り憑いているのでしょう。
	4;500
@179
	17;1;5
	16;死んだことさえ気が付いてない霊が
	16;これだけいると言う事ね。
	4;500
@180
	17;0;0
	7;-1
	16;……霊が増えたって、どういう事かしら？
	4;500
@181
	17;1;0
	16;さあ……
	16;そういう幽霊が増えた原因は判らないわね。
	4;500
@182
	17;0;1
	16;大量殺人かしら？
	16;良くありそうな話ですね。
	4;500
@183
	17;1;0
	16;そんな事より、貴方。
	4;500
@184
	17;1;5
	7;15
	28;1
	16;そう、貴方は少し人間に冷たすぎる。
	4;500
@185
	17;0;6
	16;ナイフは血の通わない金属ですから。
	4;500
@186
	17;1;0
	16;そのまま死んでしまうと……
	16;貴方は川を渡るのに時間がかかる。
	4;500
@187
	17;0;7
	16;それは、どういう意味かしら？
	4;500
@188
	17;1;6
	16;下手したら川を渡れないかも知れない。
	4;500
@189
	17;1;0
	16;川の幅は、その霊の歴史の幅。
	16;生前の行いで幅が決まるのです。
	4;500
@190
	17;0;6
	16;よく分からないけど三途の川を渡るのに
	16;時間がかかると何が困るのかしら？
	4;500
@191
	17;1;5
	16;彼岸に渡るまでに霊が疲労する。
	4;500
@192
	17;1;0
	16;それに川の船は居心地が悪いのです。
	4;500
@193
	17;0;1
	16;ふーん、霊でも疲れるのね。
	16;でも、良いじゃない死んだ後の話でしょ？
	4;500
@194
	17;0;2
	16;それより今の事を大切にしないと……
	16;だからまずは目の前の花をどうにかしようと
	4;500
@195
	17;1;6
	16;今の内に悔い改めないと、
	16;死んでから後悔しても遅い。
	4;500
@196
	17;1;3
	16;今を大切にすることを善だと思う人間が増えた
	16;のは、非常に嘆かわしい事です！
	4;500
@197
	17;1;0
	16;死後の生活を良い物にしようという考えが、
	16;人生を善い物にする唯一の方法だと知れ！
	4;500
	5;0;5
	5;1;5
	5;2;5
	5;3;5
	13;0
	25
@227
	0
	13;1
@0
	0
entry 131 (256)
@0
	4;500
	13;0
	9;0
	13;1
@1
	4;1800
	14
@300
	0
@0
	0
entry 132 (256)
@0
	24
	1;0;0
	1;1;0
	15;1;8;0
@50
	15;1;8;0
	16;まずは、私の裁きを畏れなさい。
	16;それが善行の一つになるでしょう。
	4;500
	13;0
@80
	9;500
	13;1
@140
	15;-1;-1;-1
	4;1800
@0
	0
