entry 200 (256)
@0
	23;0
	23;1
	25
@20
	0
@0
	0
entry 201 (256)
@0
	23;0
	23;1
	25
@20
	0
@0
	0
entry 0 (256)
@0
	13;0
	7;1
@90
	13;1
	24
	1;0;0
	15;0;5;-1
	23;0
@140
	15;0;-1;-1
	16;竹の花が咲いているわね。
	4;500
	15;1;-2;-1
	16;珍しいじゃない、
	4;500
	23;1
	13;0
@170
	1;1;0
	15;1;-2;0
	13;1
	8
	16;こんな所に居るなんて。
	4;500
@171
	17;0;0
	16;それは私の台詞、
	16;私は花の異変を調べているの。
	4;500
@172
	17;1;4
	16;それは私の仕事だから、帰って寝てなさい。
	7;2
	4;500
	5;0;5
	5;1;5
	13;0
	25
@202
	0
	13;1
@0
	0
entry 1 (256)
@0
	24
	1;0;0
	1;1;0
	15;0;0;8
@50
	15;0;0;8
	16;今回は巫女も腑抜けだし、
	16;私がやるしか無いのかしら？
	4;500
	13;0
@80
	9;500
	13;1
@140
	15;-1;-1;-1
	4;1800
@0
	0
entry 2 (256)
@0
	24
	1;0;0
	1;1;0
	15;1;8;0
@50
	15;1;8;0
	16;ああもう、早く解決させないと
	16;私がサボってる様に見られちゃう。
	4;500
	13;0
@80
	9;500
	13;1
@140
	15;-1;-1;-1
	4;1800
@0
	0
entry 10 (256)
@0
	13;0
	7;1
@90
	13;1
	24
	1;0;0
	15;0;6;-1
	23;0
@140
	15;0;-1;-1
	16;竹林は見通しが悪いから、何が居るか
	16;判らないわね。
	4;500
	15;1;-2;-1
	16;珍しいな、
	4;500
	23;1
	13;0
@170
	1;1;0
	15;1;-2;0
	13;1
	8
	16;今日は一人か？
	4;500
@171
	17;0;0
	16;この程度の異変、私一人で十分です。
	4;500
@172
	17;0;5
	16;わざわざ幽々子さまの手を煩わせる程の物でも
	16;ありません。
	4;500
@173
	17;1;5
	16;じゃ、試してみるか。
	7;3
	4;500
	5;0;5
	5;1;5
	13;0
	25
@203
	0
	13;1
@0
	0
entry 11 (256)
@0
	24
	1;0;0
	1;1;0
	15;0;1;8
@50
	15;0;1;8
	16;貴方を倒しても、何の手掛かりにすらなりゃ
	16;しないわね。
	4;500
	13;0
@80
	9;500
	13;1
@140
	15;-1;-1;-1
	4;1800
@0
	0
entry 12 (256)
@0
	24
	1;0;0
	1;1;0
	15;1;8;1
@50
	15;1;8;1
	16;やっぱり一人じゃ何にも出来ないじゃないか。
	4;500
	13;0
@80
	9;500
	13;1
@140
	15;-1;-1;-1
	4;1800
@0
	0
entry 20 (256)
@0
	13;0
	7;1
@90
	13;1
	24
	1;0;0
	15;0;6;-1
	23;0
@140
	15;0;-1;-1
	16;ああ参ったわ。
	16;行き先が全く見つからない。
	4;500
	15;1;-2;-1
	16;貴方も花に誘われて？
	4;500
	23;1
	13;0
@170
	1;1;0
	15;1;-2;0
	13;1
	8
	16;これらの花は何処に行っても咲いているわよ。
	4;500
@171
	17;0;5
	16;そう、この世は花で浸食されているのね。
	4;500
@172
	17;1;0
	16;あら、あの世は咲いていないのかしら。
	4;500
@173
	17;0;0
	16;異常に咲いているのはこの世だけです。
	16;その辺に手掛かりがある気がするのですが。
	4;500
@174
	17;1;0
	16;その話、詳しく聞きたいわね。
	7;4
	4;500
	5;0;5
	5;1;5
	13;0
	25
@204
	0
	13;1
@0
	0
entry 21 (256)
@0
	24
	1;0;0
	1;1;0
	15;1;1;8
@50
	15;1;1;8
	16;あら、私が先に異変を解決したかったのに。
	4;500
@51
	17;0;4
	16;駄目です、私が先に解決させますから、
	16;まず、貴方が知っていることを教えてください
	4;500
@52
	17;1;8
	16;うーん、
	16;そうねぇ。
	4;500
@53
	17;1;8
	16;いつもよく行く場所には、何処にも手掛かりが
	16;なかったわ。
	4;500
@54
	17;0;0
	16;そうですか。
	4;500
@55
	17;0;6
	16;次は人間が足を踏み入れない領域を目指すしか
	16;なさそうね。
	4;500
	13;0
@85
	9;500
	13;1
@145
	15;-1;-1;-1
	4;1800
@0
	0
entry 22 (256)
@0
	24
	1;0;0
	1;1;0
	15;1;8;1
@50
	15;1;8;1
	16;さあ、貴方が知っていることを言いなさい。
	16;私が異変を解決させるから。
	4;500
	13;0
@80
	9;500
	13;1
@140
	15;-1;-1;-1
	4;1800
@0
	0
entry 40 (256)
@0
	13;0
	7;1
@90
	13;1
	24
	1;0;0
	15;0;0;-1
	23;0
@140
	15;0;-1;-1
	16;誰か居ないのかな。
	4;500
	15;1;-2;-1
	16;また勝手に上がり込んで！
	4;500
	23;1
	13;0
@170
	1;1;0
	15;1;-2;0
	13;1
	8
	16;今日は何の用？
	4;500
@171
	17;0;0
	16;あ、貴方じゃなくて、もうちょっと知識が
	16;ありそうな方を探しているのです。
	4;500
@172
	17;1;3
	16;喧嘩を売りに来たのね。
	7;6
	4;500
	5;0;5
	5;1;5
	13;0
	25
@202
	0
	13;1
@0
	0
entry 41 (256)
@0
	24
	1;0;0
	1;1;0
	15;0;1;8
@50
	15;0;1;8
	16;言い方が悪かったです。
	16;幻想郷に詳しい人を探していたのですが。
	4;500
@51
	17;1;8
	16;残念ながら、うちの人は花の異変に何故か
	16;無関心なんですよ。
	4;500
@52
	17;0;6
	16;そういえば、妖怪みたいなずっと長く幻想郷に
	16;居る者は、今回全く動こうとしないですね……
	4;500
@53
	17;0;0
	16;幽々子様もそうだし。
	16;もしかしてみんな何か知っているのかな？
	4;500
	13;0
@83
	9;500
	13;1
@143
	15;-1;-1;-1
	4;1800
@0
	0
entry 42 (256)
@0
	24
	1;0;0
	1;1;0
	15;1;8;1
@50
	15;1;8;1
	16;花の異変は私が調べているから、
	16;貴方はあの世に引っ込んでいなさい。
	4;500
	13;0
@80
	9;500
	13;1
@140
	15;-1;-1;-1
	4;1800
@0
	0
entry 50 (256)
@0
	13;0
	7;1
@90
	13;1
	24
	1;0;0
	15;0;0;-1
	23;0
@140
	15;0;-1;-1
	16;さすがに湖の上には異変は見られないわ。
	4;500
	15;1;-2;-1
	16;おっと、あたいを差し置いて、
	4;500
	23;1
	13;0
@170
	1;1;0
	15;1;-2;2
	13;1
	8
	16;何処に行こうっていうのかしら。
	4;500
@171
	17;0;4
	16;いや別に、目的地を探して飛んでいるのです。
	4;500
@172
	17;1;5
	16;変な人間ね。
	16;あんたの目的地は氷の中。
	7;7
	4;500
	5;0;5
	5;1;5
	13;0
	25
@202
	0
	13;1
@0
	0
entry 51 (256)
@0
	24
	1;0;0
	1;1;0
	15;0;0;8
@50
	15;0;0;8
	16;花の異変が及ばないのはあの世と同じ、
	16;でも、湖はただ単に花が咲いていないだけね。
	4;500
	13;0
@80
	9;500
	13;1
@140
	15;-1;-1;-1
	4;1800
@0
	0
entry 52 (256)
@0
	24
	1;0;0
	1;1;0
	15;1;8;2
@50
	15;1;8;2
	16;凍らせちゃえ。
	16;凍らせちゃえ。
	4;500
	13;0
@80
	9;500
	13;1
@140
	15;-1;-1;-1
	4;1800
@0
	0
entry 60 (256)
@0
	13;0
	7;1
@90
	13;1
	24
	1;0;0
	15;0;0;-1
	23;0
@140
	15;0;-1;-1
	16;何処まで異変が及んでいるんだろう。
	16;空の上は特に変わった事は無いみたいだけど。
	4;500
	15;1;-2;-1
	16;あら、
	4;500
	23;1
	13;0
@170
	1;1;0
	15;1;-2;0
	13;1
	8
	16;今日は一人で散歩ですか？
	4;500
@171
	17;0;7
	16;ええ、ちょっと。
	4;500
@172
	17;0;4
	16;って、どっちかって言うと、
	16;その台詞は私の台詞。
	4;500
@173
	17;1;5
	16;今日はソロ活動記念日。
	16;貴方は最初の観客よー
	7;8
	4;500
	5;0;5
	5;1;5
	13;0
	25
@203
	0
	13;1
@0
	0
entry 61 (256)
@0
	24
	1;0;0
	1;1;0
	15;0;0;8
@50
	15;0;0;8
	16;そもそも、雲の上にも異変が有ったら、
	16;冥界まで届きそうな物よねぇ。
	4;500
	13;0
@80
	9;500
	13;1
@140
	15;-1;-1;-1
	4;1800
@0
	0
entry 62 (256)
@0
	24
	1;0;0
	1;1;0
	15;1;8;2
@50
	15;1;8;2
	16;一人で出来るもん、
	16;ってね。
	4;500
	13;0
@80
	9;500
	13;1
@140
	15;-1;-1;-1
	4;1800
@0
	0
entry 70 (256)
@0
	13;0
	7;1
@90
	13;1
	24
	1;0;0
	15;0;0;-1
	23;0
@140
	15;0;-1;-1
	16;この辺が異常なのは想像に難くないわね。
	16;花の咲く木も多いし。
	4;500
	15;1;-2;-1
	16;いっちどっはおいでよ～♪
	4;500
	23;1
	13;0
@170
	1;1;0
	15;1;-2;2
	13;1
	8
	15;1;4;2
	16;ほてるはなみずき～♪
	4;500
@171
	17;0;6
	16;不穏な歌が聞こえた気がする。
	16;誰も居ないはずなのに……
	4;500
@172
	17;0;6
	16;疲れてるのかなぁ。
	4;500
@173
	17;1;1
	16;後ろ後ろ！
	16;鳥に憑かれているよ！
	7;9
	4;500
	5;0;5
	5;1;5
	13;0
	25
@203
	0
	13;1
@0
	0
entry 71 (256)
@0
	24
	1;0;0
	1;1;0
	15;0;7;8
@50
	15;0;7;8
	16;はっ！　私は一体何をしていたのかしら。
	4;500
@51
	17;0;0
	16;って、何だ鳥か……
	4;500
	13;0
@81
	9;500
	13;1
@141
	15;-1;-1;-1
	4;1800
@0
	0
entry 72 (256)
@0
	24
	1;0;0
	1;1;0
	15;1;8;2
@50
	15;1;8;2
	16;昼間の方が音が通らないから、ちょっと声量
	16;上げよっと。
	4;500
	13;0
@80
	9;500
	13;1
@140
	15;-1;-1;-1
	4;1800
@0
	0
entry 80 (256)
@0
	13;0
	7;1
@90
	13;1
	24
	1;0;0
	15;0;0;-1
	23;0
@140
	15;0;-1;-1
	16;ここは広いし目印になる物が無いから、
	16;何処を飛んでいるのか判らないわね。
	4;500
	15;1;-2;-1
	16;そうかしら？
	4;500
	23;1
	13;0
@170
	1;1;0
	15;1;-2;0
	13;1
	8
	7;10
	16;慣れてくると目印になる竹も有るもんよ。
	16;だから私は迷わない。
	4;500
@171
	17;0;6
	16;竹なんて、成長が早いし姿も良く変わるし、
	16;目印にならないでしょう。
	4;500
@172
	17;1;5
	16;毎日目印を覚えるのよ。
	16;これで間違いはない。
	4;500
@173
	17;0;4
	16;それは多分、最初から迷っていないわ。
	4;500
	5;0;5
	5;1;5
	5;2;5
	5;3;5
	13;0
	25
@203
	0
	13;1
@0
	0
entry 81 (256)
@0
	24
	1;0;0
	1;1;0
	15;0;0;8
@50
	15;0;0;8
	16;戦っているうちにまた形が変わった気がする。
	16;ここは何処なんだろう。
	4;500
	13;0
@80
	9;500
	13;1
@140
	15;-1;-1;-1
	4;1800
@0
	0
entry 82 (256)
@0
	24
	1;0;0
	1;1;0
	15;1;8;2
@50
	15;1;8;2
	16;竹の形を覚えるなんて嘘。
	4;500
@51
	17;1;5
	16;ほんとは竹の下に流れる気の流れを見るの。
	4;500
	13;0
@81
	9;500
	13;1
@141
	15;-1;-1;-1
	4;1800
@0
	0
entry 100 (256)
@0
	13;0
	7;18
@90
	13;1
	24
	1;0;0
	15;0;0;-1
	23;0
@140
	15;0;-1;-1
	16;やっぱりおかしいわ。
	4;500
@141
	17;0;0
	16;ずっと花に気を取られていたけど……
	4;500
@142
	17;0;7
	7;-1
	16;！？　誰？
	16;さっきからコソコソ付いてくるのは！
	4;500
	15;1;-2;-1
	16;あ、見つかっちゃいました？
	16;でも怪しい者じゃありません。
	4;500
@143
	17;0;0
	16;怪しくないですか。
	16;それは良かったです。
	4;500
	23;1
	13;0
@173
	1;1;0
	15;1;-2;0
	13;1
	7;12
	8
	16;貴方に密着取材させていただいてます。
	16;何か面白そうな事をしていたので。
	4;500
@174
	17;0;6
	16;密着取材……って無許可で後ろから付いてくる
	16;物なのかしら？
	4;500
@175
	17;1;0
	16;先に言ったら面白い事をしないかも知れない。
	16;じゃないですか。だからこっそりと密着。
	4;500
@176
	17;0;4
	16;そんなに面白いことはしないけど……
	16;今は花の異変について調査していたの。
	4;500
@177
	17;1;0
	16;花ですか。
	16;確かにさっきからふらふらしているようですが
	4;500
@178
	17;1;5
	16;でも核心をつこうとしないんですね？
	4;500
@179
	17;0;0
	16;核心？
	4;500
@180
	17;1;0
	16;ほら、貴方なら既に気付いていると
	16;思いましたが……
	4;500
@181
	17;0;4
	16;何の話？
	4;500
@182
	17;1;6
	16;いや良いのです。貴方はそのまま記事に
	16;なりそうなことをしていただければ。
	4;500
@183
	17;0;3
	16;巫山戯た奴も居たもんね！　何か知ってそうな
	16;顔して。天狗ってみんなそうなの？
	4;500
@184
	17;1;2
	16;何も巫山戯てませんってば。
	4;500
@185
	17;1;0
	16;我々天狗は、幻想郷をずっと見守って来た
	16;のです。
	4;500
@186
	17;1;1
	16;我々天狗程、幻想郷を見てきた者も居ない。
	16;我々天狗程、幻想郷に詳しい者も居ない。
	4;500
@187
	17;1;0
	16;でも、私は真実を見る観察者なだけで、
	16;幻想郷を創るのは貴方達なのです。
	4;500
@188
	17;1;5
	16;では、再び密着取材の方に戻らせて頂きます
	16;後ろの方から見守ってますので。
	4;500
@189
	17;0;4
	16;ちょっと待て！
	16;言いたいことだけ言って隠れないの！
	4;500
	5;0;5
	5;1;5
	5;2;5
	5;3;5
	13;0
	25
@219
	0
	13;1
@0
	0
entry 101 (256)
@0
	24
	1;0;0
	1;1;0
	15;0;0;8
@50
	15;0;0;8
	16;教えて欲しいの。
	16;この花について何か知っていることを。
	4;500
@51
	17;1;8
	16;うーん。
	16;教えちゃうと記事になりそうも無いけど……
	4;500
@52
	17;0;4
	16;記事にしなくてもいいから。
	4;500
@53
	17;1;8
	16;貴方ならすぐに気が付くと思ったのですけど、
	4;500
@54
	17;1;8
	16;咲いているのは花だけですか？
	16;もっと増えているものに気が付きませんか？
	4;500
@55
	17;0;6
	16;ああやっぱりそこなのね……
	16;面倒な事になりそうねぇ……
	4;500
	13;0
@85
	9;500
	13;1
@145
	15;-1;-1;-1
	4;1800
@0
	0
entry 102 (256)
@0
	24
	1;0;0
	1;1;0
	15;1;8;2
@50
	15;1;8;2
	16;天狗は物知りであると同時に、
	16;強い力を使う智慧があると心得るのです。
	4;500
	13;0
@80
	9;500
	13;1
@140
	15;-1;-1;-1
	4;1800
@0
	0
entry 120 (256)
@0
	13;0
	7;14
@90
	13;1
	24
	1;0;0
	15;0;6;-1
	23;0
@140
	15;0;-1;-1
	16;うーん。
	16;やっぱりそうだなぁ。
	4;500
@141
	17;0;6
	16;花に惑わされていたけど……
	4;500
@142
	17;0;0
	16;花より幽霊の方が圧倒的に多い！
	16;花だらけと言うより、幽霊だらけだ！
	4;500
	15;1;-2;-1
	16;あら？
	16;あの世の住人が何でこの世に？
	4;500
@143
	17;0;7
	16;誰！？
	4;500
	23;1
	13;0
@173
	1;1;0
	15;1;-2;0
	13;1
	8
	16;あたいは三途の川の一級案内人、
	16;小野塚の小町。
	4;500
@174
	17;1;0
	16;普段は死んだ人間をあの世まで運ぶ
	16;仕事をしているんだけど……
	4;500
@175
	17;0;0
	16;あ、ご苦労様です。
	4;500
@176
	17;0;0
	16;私は冥界で働いております魂魄です。
	4;500
@177
	17;1;5
	16;そう。もう暫くしたら冥界も大変なことになる
	16;かもしれないな。
	4;500
@178
	17;0;0
	16;え？
	16;何の話ですか？
	4;500
@179
	17;1;6
	16;今は幻想郷の幽霊の量がパンク状態になって
	16;居るんだ。
	4;500
@180
	17;1;6
	16;それも外の世界の幽霊で、みんな無縁の霊。
	4;500
@181
	17;0;6
	16;確かに、異常に幽霊が多いです。
	4;500
@182
	17;0;0
	16;これはどうしてなんですか？
	4;500
@183
	17;1;0
	16;外の世界で何か起きたんだろうなぁ。
	16;何か大変な事が。
	4;500
@184
	17;1;0
	16;まぁ、外のことは放っておいて……
	4;500
@185
	17;1;0
	16;まずはこれらの霊を閻魔様の元へ
	16;送らないといけないんだけど。
	4;500
@186
	17;1;4
	16;多すぎてにっちもさっちも行かないんだ、
	16;まず船が足らん。
	4;500
@187
	17;0;7
	16;そうですか。
	16;って、この量の幽霊を冥界に送るのですか？
	4;500
@188
	17;1;0
	16;そう。
	4;500
@189
	17;0;4
	16;ええ～
	16;これは冥界が騒がしくなりそうです。
	4;500
@190
	17;0;0
	16;面倒だからここで少し斬って行こうかなぁ。
	4;500
@191
	17;1;7
	16;ああ駄目！
	4;500
@192
	17;1;0
	16;今ここらに居る幽霊は、まだ裁きを受けて
	16;居ない。
	4;500
@193
	17;1;0
	16;正式には死んだことになっていないから、
	4;500
@194
	17;1;0
	16;今斬ると、二度と輪廻転生することは
	16;出来なくなる。
	4;500
@195
	17;1;6
	16;それの意味するところは、
	16;外の世界の子供の数が減ると言う事だ。
	4;500
@196
	17;0;4
	16;すでに少し斬っちゃったかも。
	4;500
@197
	17;1;3
	16;悪い奴だ。
	4;500
@198
	17;1;3
	16;貴方は生まれつき半分幽霊だから、
	16;輪廻の仕組みが理解できていない。
	4;500
@199
	17;1;1
	16;これは少し勉強させてやるか、
	16;人間の苦輪と言う物を！
	4;500
	5;0;5
	5;1;5
	5;2;5
	5;3;5
	13;0
	25
@229
	0
	13;1
@0
	0
entry 121 (256)
@0
	24
	1;0;0
	1;1;0
	15;0;0;8
@50
	15;0;0;8
	16;でも、冥界ではいつも幽霊を斬っているわよ？
	4;500
@51
	17;1;8
	16;冥界の幽霊と、冥界に送られる前の幽霊は
	16;全然違う物だ。
	4;500
@52
	17;1;8
	16;冥界に送られる前の幽霊は、まだ生きている
	16;様なもんなんだよ。
	4;500
@53
	17;0;6
	16;でも、これだけの幽霊……
	16;斬らないでどう処理すればいいの？
	4;500
	13;0
@83
	9;500
	13;1
@143
	15;-1;-1;-1
	4;1800
@0
	0
entry 122 (256)
@0
	24
	1;0;0
	1;1;0
	15;1;8;0
@50
	15;1;8;0
	16;最近、冥界に留まって成仏しない霊が多い
	16;らしいな。
	4;500
	13;0
@80
	9;500
	13;1
@140
	15;-1;-1;-1
	4;1800
@0
	0
entry 130 (256)
@0
	13;0
	7;-1
@90
	13;1
	24
	1;0;0
	15;0;7;-1
	23;0
@140
	15;0;-1;-1
	7;18
	16;これは凄い桜だわ……
	4;500
@141
	17;0;0
	16;幻想郷でもこれまで見事な桜があるなんて。
	4;500
	15;1;-2;-1
	16;紫の桜。
	4;500
@142
	17;1;-1
	16;これは罪を犯した者が咲かす花。
	4;500
@143
	17;0;7
	16;誰！？
	4;500
@144
	17;1;-1
	16;許されぬ罪は、赤い血を紫色に染め、
	16;そしてすぐに散る。
	4;500
	23;1
	13;0
@174
	1;1;0
	15;1;-2;0
	13;1
	8
	16;私は罪を裁く者。
	16;紫の桜の霊を無間に落とす者。
	4;500
@175
	17;1;0
	16;うちの小町がお世話になったそうで、
	16;ちょっと挨拶に来たの。
	4;500
@176
	17;0;1
	16;世話？　特に何もしてませんが、
	16;ってもしかして貴方は……閻魔様ですか？
	4;500
@177
	17;1;0
	16;そうよ。
	4;500
@178
	17;0;0
	16;それは失礼しました。
	4;500
@179
	17;0;0
	16;わざわざ閻魔様が出てくると言うことは
	16;余程一大事なんでしょうか？
	4;500
@180
	17;1;3
	16;小町がサボっていたから
	16;お仕置きに来ただけです。
	4;500
@181
	17;0;6
	16;この花の異変の件では無いのですか？
	4;500
@182
	17;0;6
	16;この花は一体何なのですか？
	16;力のある者ほど動こうとしないし……
	4;500
@183
	17;1;5
	16;花は……
	16;外の人間が見る幻の彼岸。
	4;500
@184
	17;1;0
	16;死んだことにさえ気が付いていない、
	16;哀れな霊の花。
	4;500
@185
	17;1;0
	16;行き場を失った幽霊が増えれば、
	16;結果としてこうなってしまうでしょう。
	4;500
@186
	17;1;1
	16;特に危険は有りません。
	4;500
@187
	17;0;0
	16;そうなんですか……でも、何故そんなに
	16;幽霊が増えたんでしょう。
	4;500
@188
	17;1;5
	7;-1
	16;６０年に一度位、こういう事が繰り返さ
	16;れてきたのよ。今までもずっと……
	4;500
@189
	17;1;2
	16;危険は無いから放っておくと良いでしょう。
	4;500
@190
	17;1;0
	16;それはともかく、貴方。
	4;500
@191
	17;1;0
	7;15
	28;1
	16;そう、貴方は少しこの世に来すぎている。
	4;500
@192
	17;0;0
	16;……
	4;500
@193
	17;1;5
	16;貴方は半分幽霊なのです。
	16;今のままこの世に来すぎると……
	4;500
@194
	17;1;0
	16;私も貴方を裁かなければいけなくなる。
	4;500
@195
	17;1;6
	16;もし私が裁きを担当すれば、
	16;貴方を人間として地獄に落とします。
	4;500
@196
	17;0;7
	16;地獄！
	16;って、私は冥界の者です。
	4;500
@197
	17;0;7
	16;何で裁かれなければいけないのですか！
	4;500
@198
	17;1;3
	16;だから、貴方は冥界の者としての行動を
	16;取っていますか？
	4;500
@199
	17;1;3
	16;何にも考えずこの世の者と戯れてませんか？
	4;500
@200
	17;1;0
	16;それでは駄目なのです。
	4;500
@201
	17;1;1
	16;貴方は生きている者とは同じでは無いし
	16;死者でも無い。
	4;500
@202
	17;1;0
	16;その不安定な位置に居るから、
	16;冥界に住め、幽霊も斬れるのです。
	4;500
@203
	17;0;6
	16;今でも冥界に住んでるし……
	16;幽霊も斬れます！
	4;500
@204
	17;1;0
	16;貴方は少しこの世に馴染みすぎたわ。
	4;500
@205
	17;1;3
	16;野生の狼も飼えばペット。
	16;幽霊もこの世で生活すれば生き物。
	4;500
@206
	17;1;1
	16;貴方はここで少し裁かれる必要がある。
	16;紫の桜の下で今までの罪を顧みよ！
	4;500
	5;0;5
	5;1;5
	5;2;5
	5;3;5
	13;0
	25
@236
	0
	13;1
@0
	0
entry 131 (256)
@0
	4;500
	13;0
	9;0
	13;1
@1
	4;1800
	14
@300
	0
@0
	0
entry 132 (256)
@0
	24
	1;0;0
	1;1;0
	15;1;8;0
@50
	15;1;8;0
	16;本来、貴方は死んでも私の元には来ない。
	16;だから、今裁くしかないのよ。
	4;500
	13;0
@80
	9;500
	13;1
@140
	15;-1;-1;-1
	4;1800
@0
	0
