entry 200 (256)
@0
	23;0
	23;1
	25
@20
	0
@0
	0
entry 201 (256)
@0
	23;0
	23;1
	25
@20
	0
@0
	0
entry 0 (256)
@0
	13;0
	7;1
@90
	13;1
	24
	1;0;0
	15;0;0;-1
	23;0
@140
	15;0;-1;-1
	16;そこのけそこのけ鳥さん力持ち～♪
	4;500
	15;1;-2;-1
	16;何よそれ。
	4;500
	23;1
	13;0
@170
	1;1;0
	15;1;-2;3
	13;1
	8
	16;昼間から不穏な歌、歌ってんじゃないわよ。
	4;500
@171
	17;0;5
	16;花見には歌がつきものなのよ～♪
	4;500
@172
	17;1;4
	16;歌って答えるな。
	7;2
	4;500
	5;0;5
	5;1;5
	13;0
	25
@202
	0
	13;1
@0
	0
entry 1 (256)
@0
	24
	1;0;0
	1;1;0
	15;0;0;8
@50
	15;0;0;8
	16;私の歌が聞こえる範囲内に入ったことが、
	16;あんたの敗因よ。
	4;500
	13;0
@80
	9;500
	13;1
@140
	15;-1;-1;-1
	4;1800
@0
	0
entry 2 (256)
@0
	24
	1;0;0
	1;1;0
	15;1;8;6
@50
	15;1;8;6
	16;鳥さん大往生～♪
	16;あら、うつっちゃった。
	4;500
	13;0
@80
	9;500
	13;1
@140
	15;-1;-1;-1
	4;1800
@0
	0
entry 3 (256)
@0
	13;0
	7;1
@90
	13;1
	24
	1;0;0
	15;0;0;-1
	23;0
@140
	15;0;-1;-1
	16;この辺も行き飽きたわね～♪
	4;500
	15;1;-2;-1
	16;おかしいわ。
	4;500
	23;1
	13;0
@170
	1;1;0
	15;1;-2;6
	13;1
	8
	16;何処に行っても異変に大差ないなんて……
	16;って、鳥？
	4;500
@171
	17;0;5
	16;そう、何処に行っても大差ないのか～
	4;500
@172
	17;1;4
	16;もう、鳥とか妖精とか兎とか……
	16;そんなんばっかだわ！
	7;2
	4;500
	5;0;5
	5;1;5
	13;0
	25
@202
	0
	13;1
@0
	0
entry 4 (256)
@0
	24
	1;0;0
	1;1;0
	15;0;0;8
@50
	15;0;0;8
	16;何処に行っても大差ないのなら、普段は
	16;行かない所に行っても面白そうね～。
	4;500
@51
	17;0;5
	16;普段は人間は居ないから行かないんだけど。
	4;500
	13;0
@81
	9;500
	13;1
@141
	15;-1;-1;-1
	4;1800
@0
	0
entry 5 (256)
@0
	24
	1;0;0
	1;1;0
	15;1;8;6
@50
	15;1;8;6
	16;この辺じゃ無いのかなぁ。
	16;異変の犯人が居る場所って……
	4;500
	13;0
@80
	9;500
	13;1
@140
	15;-1;-1;-1
	4;1800
@0
	0
entry 10 (256)
@0
	13;0
	7;1
@90
	13;1
	24
	1;0;0
	15;0;0;-1
	23;0
@140
	15;0;-1;-1
	16;悲しみに包まれて妖精郷はぁ～
	16;肥沃な黒土で覆われた～♪
	4;500
	15;1;-2;-1
	16;ロックだな。
	4;500
	23;1
	13;0
@170
	1;1;0
	15;1;-2;6
	13;1
	8
	16;でも、少し五月蝿いぜ。
	4;500
@171
	17;0;1
	16;五月蝿い五月蝿いも静かなうちよ～
	4;500
@172
	17;1;4
	16;五月蝿い黙れ！
	7;3
	4;500
	5;0;5
	5;1;5
	13;0
	25
@202
	0
	13;1
@0
	0
entry 11 (256)
@0
	24
	1;0;0
	1;1;0
	15;0;1;8
@50
	15;0;1;8
	16;歌が静かじゃ、お経の方がマシってもんよ！
	4;500
	13;0
@80
	9;500
	13;1
@140
	15;-1;-1;-1
	4;1800
@0
	0
entry 12 (256)
@0
	24
	1;0;0
	1;1;0
	15;1;8;1
@50
	15;1;8;1
	16;折角花見で騒ごうと思ってるのに、先に騒がれ
	16;ていると萎えるじゃないか。
	4;500
	13;0
@80
	9;500
	13;1
@140
	15;-1;-1;-1
	4;1800
@0
	0
entry 20 (256)
@0
	13;0
	7;1
@90
	13;1
	24
	1;0;0
	15;0;2;-1
	23;0
@140
	15;0;-1;-1
	16;ヒトッ、ヒトッ、ヒトをッ！
	16;人間を～さらえぇ♪
	4;500
	15;1;-2;-1
	16;春よねぇ。
	4;500
	23;1
	13;0
@170
	1;1;0
	15;1;-2;4
	13;1
	8
	16;妖怪もおかしな妖怪ばっかね。
	4;500
@171
	17;0;3
	16;人間を喰うのは妖怪の務め！
	16;さてはあんたは人間ね？
	4;500
@172
	17;1;5
	16;残念、妖怪を退治するメイドでした。
	7;4
	4;500
	5;0;5
	5;1;5
	13;0
	25
@202
	0
	13;1
@0
	0
entry 21 (256)
@0
	24
	1;0;0
	1;1;0
	15;0;1;8
@50
	15;0;1;8
	16;メイドかぁ、残念。
	16;さらうなら人間が良いなぁ。
	4;500
	13;0
@80
	9;500
	13;1
@140
	15;-1;-1;-1
	4;1800
@0
	0
entry 22 (256)
@0
	24
	1;0;0
	1;1;0
	15;1;8;4
@50
	15;1;8;4
	16;この花で覆われた幻想郷。
	16;こんな妖怪ばかりだと思うとうんざりするわ。
	4;500
	13;0
@80
	9;500
	13;1
@140
	15;-1;-1;-1
	4;1800
@0
	0
entry 30 (256)
@0
	13;0
	7;1
@90
	13;1
	24
	1;0;0
	15;0;0;-1
	23;0
@140
	15;0;-1;-1
	16;もういーくつねるとー、おーしょうがつー♪
	4;500
	15;1;-2;-1
	16;気の早い歌が聞こえてくる……
	4;500
	23;1
	13;0
@170
	1;1;0
	15;1;-2;0
	13;1
	8
	7;5
	16;まだ春だから、結構寝ないと正月は来ないわ、
	16;ってどこから歌が聞こえるのかしら？
	4;500
@171
	17;0;2
	16;いいや、人間は一回寝ればお正月！
	4;500
@172
	17;1;7
	16;む。化け物のたぐいね！
	4;500
	5;0;5
	5;1;5
	5;2;5
	5;3;5
	13;0
	25
@202
	0
	13;1
@0
	0
entry 31 (256)
@0
	24
	1;0;0
	1;1;0
	15;0;0;8
@50
	15;0;0;8
	16;この道で一回眠れば、
	16;もう次の正月まで眼を覚ますことはないわー
	4;500
	13;0
@80
	9;500
	13;1
@140
	15;-1;-1;-1
	4;1800
@0
	0
entry 32 (256)
@0
	24
	1;0;0
	1;1;0
	15;1;8;4
@50
	15;1;8;4
	16;なんだ、鳥か……
	16;焦って損したわ。
	4;500
	13;0
@80
	9;500
	13;1
@140
	15;-1;-1;-1
	4;1800
@0
	0
entry 40 (256)
@0
	13;0
	7;1
@90
	13;1
	24
	1;0;0
	15;0;0;-1
	23;0
@140
	15;0;-1;-1
	16;何をおっしゃる、うっさぎさん～♪
	4;500
	15;1;-2;-1
	16;誰……？
	4;500
	23;1
	13;0
@170
	1;1;0
	15;1;-2;0
	13;1
	8
	16;何か、歌声のような会話の様な声が
	16;聞こえたけど……
	4;500
@171
	17;0;2
	16;地上を這う生き物は、空を飛ぶ生き物には
	16;敵わないよ。
	4;500
@172
	17;1;7
	16;小鳥の襲撃！？
	7;6
	4;500
	5;0;5
	5;1;5
	13;0
	25
@202
	0
	13;1
@0
	0
entry 41 (256)
@0
	24
	1;0;0
	1;1;0
	15;0;6;8
@50
	15;0;6;8
	16;人間通らないなぁ……
	4;500
	13;0
@80
	9;500
	13;1
@140
	15;-1;-1;-1
	4;1800
@0
	0
entry 42 (256)
@0
	24
	1;0;0
	1;1;0
	15;1;8;0
@50
	15;1;8;0
	16;この辺の化け鳥も浮かれているわね。
	16;今日は鳥鍋かしら？
	4;500
	13;0
@80
	9;500
	13;1
@140
	15;-1;-1;-1
	4;1800
@0
	0
entry 50 (256)
@0
	13;0
	7;1
@90
	13;1
	24
	1;0;0
	15;0;2;-1
	23;0
@140
	15;0;-1;-1
	16;生水飲むと～おなかを壊す～♪
	16;湖飲むと～三途河～♪
	4;500
	15;1;-2;-1
	16;なんだなんだ？
	4;500
	23;1
	13;0
@170
	1;1;0
	15;1;-2;7
	13;1
	8
	16;騒がしいのがやって来たね。
	4;500
@171
	17;0;6
	16;もしかして妖精？
	16;私の歌は人間を呼ぶ為にあるのよ！
	4;500
@172
	17;1;3
	16;湖の上で誰を呼ぼうとしたの！
	7;7
	4;500
	5;0;5
	5;1;5
	13;0
	25
@202
	0
	13;1
@0
	0
entry 51 (256)
@0
	24
	1;0;0
	1;1;0
	15;0;1;8
@50
	15;0;1;8
	16;ここはハズレ。
	16;人間居ないし、余り楽しくない。
	4;500
	13;0
@80
	9;500
	13;1
@140
	15;-1;-1;-1
	4;1800
@0
	0
entry 52 (256)
@0
	24
	1;0;0
	1;1;0
	15;1;8;6
@50
	15;1;8;6
	16;最近みんなおかしいよ。
	16;春の所為かな。
	4;500
	13;0
@80
	9;500
	13;1
@140
	15;-1;-1;-1
	4;1800
@0
	0
entry 60 (256)
@0
	13;0
	7;1
@90
	13;1
	24
	1;0;0
	15;0;0;-1
	23;0
@140
	15;0;-1;-1
	16;お空の上はマッハの時代～♪
	16;文明開化の味がする～♪
	4;500
	15;1;-2;-1
	16;珍しいねぇ。
	4;500
	23;1
	13;0
@170
	1;1;0
	15;1;-2;5
	13;1
	8
	16;こんな小鳥が雲の上までやってくるなんて。
	4;500
@171
	17;0;4
	16;あれ？
	16;妙に晴れてると思ったら雲の上じゃん。
	4;500
@172
	17;0;4
	16;通りで羽が冷たいと思ったわ～♪
	4;500
@173
	17;1;1
	16;音楽で勝負して負けたいのね？
	7;8
	4;500
	5;0;5
	5;1;5
	13;0
	25
@203
	0
	13;1
@0
	0
entry 61 (256)
@0
	24
	1;0;0
	1;1;0
	15;0;6;8
@50
	15;0;6;8
	16;こんな雲の上じゃあ、人間が通りそうも無い
	16;じゃないの。
	4;500
	13;0
@80
	9;500
	13;1
@140
	15;-1;-1;-1
	4;1800
@0
	0
entry 62 (256)
@0
	24
	1;0;0
	1;1;0
	15;1;8;2
@50
	15;1;8;2
	16;ああ、鳥が墜ちていく風切り音も
	16;なかなかに幻想的で素敵ね。
	4;500
	13;0
@80
	9;500
	13;1
@140
	15;-1;-1;-1
	4;1800
@0
	0
entry 80 (256)
@0
	13;0
	7;1
@90
	13;1
	24
	1;0;0
	15;0;2;-1
	23;0
@140
	15;0;-1;-1
	16;タラッタラッタラッタ、うさぎのダンス～♪
	4;500
	15;1;-2;-1
	16;タラッタラッタラッタ、可愛いダンス～♪
	4;500
	23;1
	13;0
@170
	1;1;0
	15;1;-2;5
	13;1
	8
	16;えらく陽気な化け鳥が現れたもんね。
	4;500
@171
	17;0;6
	16;兎はお呼びでない。
	4;500
@172
	17;1;4
	16;兎の歌を歌ってたじゃないの。
	7;10
	4;500
	5;0;5
	5;1;5
	13;0
	25
@202
	0
	13;1
@0
	0
entry 81 (256)
@0
	24
	1;0;0
	1;1;0
	15;0;2;8
@50
	15;0;2;8
	16;何処まで飛んでも景色が変わらなーい。
	4;500
	13;0
@80
	9;500
	13;1
@140
	15;-1;-1;-1
	4;1800
@0
	0
entry 82 (256)
@0
	24
	1;0;0
	1;1;0
	15;1;8;2
@50
	15;1;8;2
	16;雀になんかに幸運を分けてやらないからね！
	4;500
	13;0
@80
	9;500
	13;1
@140
	15;-1;-1;-1
	4;1800
@0
	0
entry 110 (256)
@0
	13;0
	7;18
@90
	13;1
	24
	1;0;0
	15;0;2;-1
	23;0
@140
	15;0;-1;-1
	16;翼が傷つき倒れても～♪
	4;500
@141
	17;0;0
	16;ここでは寝るな～鈴蘭の夢～♪
	4;500
	15;1;-2;-1
	16;騒々しいわね
	4;500
	23;1
	13;0
@171
	1;1;0
	15;1;-2;6
	13;1
	8
	16;お花畑に歌いながらやってくる奴なんて、
	16;変態か変質者位よね。
	4;500
@172
	17;0;6
	16;歌の邪魔をする奴が多すぎるぅ。
	16;歌い続けないと死んじゃうんだから仕方がない
	4;500
@173
	17;1;6
	16;嘘ばっかり。
	16;そんな訳ないじゃん。
	4;500
@174
	17;1;0
	16;それに、そういう事言う奴はもっと儚い歌を
	16;歌うもんよ。
	4;500
@175
	17;1;3
	16;何よその激しい歌は。
	16;何よその元気な歌は。
	4;500
@176
	17;0;2
	16;歌は元気の元。
	4;500
@177
	17;0;0
	16;悲しい歌なんか歌って感傷的になってるん
	16;じゃないわよ。
	4;500
@178
	17;0;1
	16;自殺したくなる様な歌なんて以ての外！
	4;500
@179
	17;1;3
	16;でもー疲れるわー貴方の歌。
	4;500
@180
	17;0;5
	16;じゃ、元気が回復する歌を歌うわ。
	16;鈴蘭の毒が～♪
	4;500
@181
	17;1;4
	16;歌うな！
	4;500
@182
	17;0;6
	16;傷ついた翼にまわる～……
	16;って、あ、あれー……
	4;500
@183
	17;1;0
	7;13
	28;1
	16;ふふふ、ようやく毒がまわってきたようね。
	4;500
@184
	17;1;5
	16;毒を受けやすい大きな翼と、ちょこまか動く
	16;無鉄砲さがあだとなる。
	4;500
@185
	17;1;1
	16;さあ、鈴蘭の丘で毒の優しさに包まれて
	16;眠りなさい！
	4;500
	5;0;5
	5;1;5
	5;2;5
	5;3;5
	13;0
	25
@215
	0
	13;1
@0
	0
entry 111 (256)
@0
	24
	1;0;0
	1;1;0
	15;0;6;8
@50
	15;0;6;8
	16;ささ、早く脱出しないとー！
	16;ここは毒だらけで危険よー！
	4;500
@51
	17;1;8
	16;貴方は、何しに来たのかしら？
	16;私が誰かも関係無いのかしら？
	4;500
@52
	17;0;3
	16;関係無い！
	4;500
	13;0
@82
	9;500
	13;1
@142
	15;-1;-1;-1
	4;1800
@0
	0
entry 112 (256)
@0
	24
	1;0;0
	1;1;0
	15;1;8;2
@50
	15;1;8;2
	16;神経に毒がまわると、きっと儚い歌も歌え
	16;る様になるわ。
	4;500
	13;0
@80
	9;500
	13;1
@140
	15;-1;-1;-1
	4;1800
@0
	0
entry 90 (256)
@0
	13;0
	7;18
@90
	13;1
	24
	1;0;0
	15;0;2;-1
	23;0
@140
	15;0;-1;-1
	16;向日葵ぐるぐる向日葵ぐるぐる、
	4;500
@141
	17;0;2
	16;向日葵ぐるぐる体当たり～♪
	4;500
	15;1;-2;-1
	16;そこで鳥はスパイシーに焼き上がる～♪
	4;500
@142
	17;0;3
	7;-1
	16;誰よ！
	16;人の歌の続きを取るなんて。
	4;500
	23;1
	13;0
@172
	1;1;0
	15;1;-2;0
	13;1
	16;あらごめんなさい。
	4;500
@173
	17;1;0
	16;あまりにも気持ちよさそうに歌っていたから
	16;続きを歌っちゃったわ。
	4;500
@174
	17;0;6
	16;スパイシーに焼き上がるのは人間よー。
	4;500
@175
	17;0;7
	16;って何で続きがスパイスって判ったの？
	4;500
@176
	17;1;2
	7;11
	28;1
	8
	16;うふふ。
	16;古からの言い伝え。
	4;500
@177
	17;1;0
	16;貴方の歌う歌は、貴方の内から出るのではなく
	16;幽かな声を歌にしているだけ。
	4;500
@178
	17;1;2
	16;だから、続きくらいすぐに判ってしまうわ。
	4;500
@179
	17;0;3
	16;何をー？
	16;これは私の作った歌よー？
	4;500
@180
	17;1;7
	16;その証拠に次の歌の続きも予想できるわよ？
	4;500
@181
	17;1;0
	16;向日葵ぐるぐる向日葵ぐるぐる……
	4;500
@182
	17;0;4
	16;そりゃ、サビはループだからね。
	4;500
@183
	17;1;5
	16;ほら、周りを見て、
	4;500
@184
	17;1;2
	16;向日葵はぐるぐると……
	4;500
@185
	17;0;6
	16;うわぁ！
	16;向日葵が向日葵がー
	4;500
@186
	17;1;1
	16;さあ、もう一度歌の続きを思い出すのよ。
	16;貴方の運命はそこに書いてある。
	4;500
	5;0;5
	5;1;5
	5;2;5
	5;3;5
	13;0
	25
@216
	0
	13;1
@0
	0
entry 91 (256)
@0
	24
	1;0;0
	1;1;0
	15;0;6;0
@50
	15;0;6;0
	16;ここも駄目だ～
	16;早く脱出しないと～！
	4;500
@51
	17;1;0
	16;貴方は、何しにここに来たのかしら？
	4;500
@52
	17;0;4
	16;気持ち良く歌って飛んでいるだけなのに～
	4;500
@53
	17;1;6
	16;そういう状態で歌っていると、霊の声を拾って
	16;どんどんと……
	4;500
@54
	17;1;2
	16;貴方の手に負えない相手に出くわすでしょう。
	4;500
@55
	17;1;1
	16;いってらっしゃいね
	4;500
@56
	17;0;6
	16;脱出だ～
	4;500
	13;0
@86
	9;500
	13;1
@146
	15;-1;-1;-1
	4;1800
@0
	0
entry 92 (256)
@0
	24
	1;0;0
	1;1;0
	15;1;8;0
@50
	15;1;8;0
	16;向日葵ぐるぐる体当たり～♪
	16;そこで鳥はスパイシーに焼き上がる～♪
	4;500
	13;0
@80
	9;500
	13;1
@140
	15;-1;-1;-1
	4;1800
@0
	0
entry 130 (256)
@0
	13;0
	7;18
@90
	13;1
	24
	1;0;0
	15;0;0;-1
	23;0
@140
	15;0;-1;-1
	16;さくら～、さくら～♪
	4;500
@141
	17;0;2
	16;じんじゃもつかもみわたすかぎり～♪
	4;500
	15;1;-2;-1
	16;罪を憎んで人を憎まず。
	4;500
	23;1
	13;0
@171
	1;1;0
	15;1;-2;0
	13;1
	16;紫の桜は果てしなく長い時間をかけて
	16;罪から人を解放するのでしょう。
	4;500
@172
	17;1;5
	16;降りしきる桜の花、
	4;500
@173
	17;1;1
	16;これは、罪人が多すぎる、
	16;と桜が泣いているのです。
	4;500
@174
	17;0;1
	16;かすみかくもか～彼岸ににおう♪
	4;500
@175
	17;1;4
	16;人の話も聞きなさい！
	16;人が良いことを言っているのだから。
	4;500
@176
	17;0;5
	16;あれ？
	16;誰か居たの？
	4;500
@177
	17;1;3
	16;ここの桜は普段なら今の季節には咲きません。
	16;それに、ここは無縁の塚。
	4;500
@178
	17;1;3
	16;この桜はお花見に使われることは無いのです。
	4;500
@179
	17;1;0
	16;貴方の歌は、ここでは決して相容れない雑音
	16;なのですよ。
	4;500
@180
	17;0;3
	16;何よ。
	16;何処に行ってもまともに歌えやしない。
	4;500
@181
	17;0;3
	16;陽気さが無くて何が花の異変なのよ。
	4;500
@182
	17;1;6
	7;-1
	16;貴方は、自分の歌が持つ力を理解していない
	4;500
@183
	17;1;1
	16;歌は、時には霊を鎮め、時には活性化する。
	4;500
@184
	17;1;0
	7;15
	28;1
	16;そう、貴方は少し混沌を呼びすぎる
	4;500
@185
	17;0;0
	16;……
	4;500
@186
	17;1;0
	16;このまま何も考えず歌い続ければ、
	16;周りの霊達もおかしくなるでしょう。
	4;500
@187
	17;1;6
	16;それは、未曾有の大罪に繋がるかも知れない。
	4;500
@188
	17;0;3
	16;せ、説教って訳？
	16;そんなの頭を素通りよ！
	4;500
@189
	17;1;0
	16;でしょうね。
	16;貴方は鳥、鳥の頭は小さいのですから。
	4;500
@190
	17;1;1
	16;少しお灸を据えてあげましょう
	4;500
@191
	17;1;0
	16;降りしきる紫の桜の下で、
	16;鎮魂歌の一つでも歌えるようになるがいい！
	4;500
	5;0;5
	5;1;5
	5;2;5
	5;3;5
	13;0
	25
@221
	0
	13;1
@0
	0
entry 131 (256)
@0
	4;500
	13;0
	9;0
	13;1
@1
	4;1800
	14
@300
	0
@0
	0
entry 132 (256)
@0
	24
	1;0;0
	1;1;0
	15;1;8;1
@50
	15;1;8;1
	16;紫の桜が散っていく……
	16;少しずつ、罪が許されていく……
	4;500
	13;0
@80
	9;500
	13;1
@140
	15;-1;-1;-1
	4;1800
@0
	0
