entry 200 (256)
@0
	7;1
	23;0
	23;1
	25
@20
	0
@0
	0
entry 201 (256)
@0
	23;0
	23;1
	25
@20
	0
@0
	0
entry 0 (160)
@0
	24
	1;0;0
	1;1;0
	15;0;1;8
@50
	15;0;1;8
	16;そうそう、霊夢は鳥居の向きを東じゃなくて
	16;南向きにすれば、もっと幸運が訪れるわー。
	4;500
	13;0
@80
	9;500
	13;1
@140
	15;-1;-1;-1
	4;1800
	11
@0
	0
entry 1 (32)
@0
	24
	1;0;0
	1;1;0
	15;0;2;8
@50
	15;0;2;8
	16;もっとお賽銭にお金が入る方法を
	16;知りたくない？
	4;500
@51
	17;0;0
	16;知りたくない。
	16;そう。
	4;500
	13;0
@81
	9;500
	13;1
@141
	15;-1;-1;-1
	4;1800
	11
@0
	0
entry 10 (192)
@0
	24
	1;0;0
	1;1;0
	15;0;1;8
@50
	15;0;1;8
	16;魔理沙は、森の外に家を構えれば
	16;幸せになるわー。
	4;500
	13;0
@80
	9;500
	13;1
@140
	15;-1;-1;-1
	4;1800
	11
@0
	0
entry 20 (192)
@0
	24
	1;0;0
	1;1;0
	15;0;1;8
@50
	15;0;1;8
	16;咲夜は、今の住処を捨てて独立すれば、
	16;幸せになるわー。
	4;500
	13;0
@80
	9;500
	13;1
@140
	15;-1;-1;-1
	4;1800
	11
@0
	0
entry 30 (192)
@0
	24
	1;0;0
	1;1;0
	15;0;1;8
@50
	15;0;1;8
	16;妖夢は、その剣で自分を突いてみると、
	16;もっと幸せになるわー。
	4;500
	13;0
@80
	9;500
	13;1
@140
	15;-1;-1;-1
	4;1800
	11
@0
	0
entry 40 (192)
@0
	24
	1;0;0
	1;1;0
	15;0;7;8
@50
	15;0;7;8
	16;ああ！
	16;まだちょっとやることがあるから待ってー！
	4;500
	13;0
@80
	9;500
	13;1
@140
	15;-1;-1;-1
	4;1800
	11
@0
	0
entry 50 (192)
@0
	24
	1;0;0
	1;1;0
	15;0;6;8
@50
	15;0;6;8
	16;もっと高級な蛙を手に入れてみない？
	16;いい方法があるんだけど……
	4;500
	13;0
@80
	9;500
	13;1
@140
	15;-1;-1;-1
	4;1800
	11
@0
	0
entry 60 (192)
@0
	24
	1;0;0
	1;1;0
	15;0;1;8
@50
	15;0;1;8
	16;ああ、貴方は随分と恵まれた生活をしている
	16;のね。幸せがほくほくと伝わってくるわ。
	4;500
	13;0
@80
	9;500
	13;1
@140
	15;-1;-1;-1
	4;1800
	11
@0
	0
entry 70 (192)
@0
	24
	1;0;0
	1;1;0
	15;0;0;8
@50
	15;0;0;8
	16;そうねぇ。私に考えがあるから、新しい商売を
	16;始めると良いと思うわ。
	4;500
	13;0
@80
	9;500
	13;1
@140
	15;-1;-1;-1
	4;1800
	11
@0
	0
entry 80 (256)
@0
	24
	1;0;0
	1;1;0
	15;0;4;8
@50
	15;0;4;8
	16;この辺には可愛い兎が多いね。
	4;500
	13;0
@80
	9;500
	13;1
@140
	15;-1;-1;-1
	4;1800
	11
@0
	0
entry 90 (192)
@0
	24
	1;0;0
	1;1;0
	15;0;1;8
@50
	15;0;1;8
	16;この異変を自分の物にしてみない？
	16;貴方ならそれが出来ると思うわ。
	4;500
	13;0
@80
	9;500
	13;1
@140
	15;-1;-1;-1
	4;1800
	11
@0
	0
entry 100 (192)
@0
	24
	1;0;0
	1;1;0
	15;0;2;8
@50
	15;0;2;8
	16;貴方の新聞の購読者を増やしたくない？
	16;私に良い考えがあるんだけど……
	4;500
	13;0
@80
	9;500
	13;1
@140
	15;-1;-1;-1
	4;1800
	11
@0
	0
entry 110 (192)
@0
	24
	1;0;0
	1;1;0
	15;0;1;8
@50
	15;0;1;8
	16;毒は一種の財産ね。
	16;だから、ちゃんと管理しないと……
	4;500
@51
	17;0;0
	16;どう？
	16;私に管理を任せてみない？
	4;500
	13;0
@81
	9;500
	13;1
@141
	15;-1;-1;-1
	4;1800
	11
@0
	0
entry 120 (192)
@0
	24
	1;0;0
	1;1;0
	15;0;6;8
@50
	15;0;6;8
	16;そんな投げる位お金を持ってどうするの？
	4;500
	13;0
@80
	9;500
	13;1
@140
	15;-1;-1;-1
	4;1800
	11
@0
	0
entry 130 (192)
@0
	24
	1;0;0
	1;1;0
	15;0;1;8
@50
	15;0;1;8
	16;ほら、私はみんなを幸せにしています。
	16;私は、地獄へ行かなくて済むでしょう？
	4;500
	13;0
@80
	9;500
	13;1
@140
	15;-1;-1;-1
	4;1800
	11
@0
	0
entry 140 (192)
@0
	24
	1;0;0
	1;1;0
	15;0;1;8
@50
	15;0;1;8
	16;ソロでライブをする事もあるんだって？
	16;じゃあ、宣伝は私に任せてよ。
	4;500
	13;0
@80
	9;500
	13;1
@140
	15;-1;-1;-1
	4;1800
	11
@0
	0
entry 150 (192)
@0
	24
	1;0;0
	1;1;0
	15;0;1;8
@50
	15;0;1;8
	16;随分と古いヴァイオリンね。
	16;ストラディヴァリって知ってる？
	4;500
	13;0
@80
	9;500
	13;1
@140
	15;-1;-1;-1
	4;1800
	11
@0
	0
entry 210 (128)
@0
	24
	1;0;0
	1;1;0
	15;0;0;8
@50
	15;0;0;8
	16;みんな、私の言うこと聞けばもっと幸せに
	16;なれますよー。
	4;500
	13;0
@80
	9;500
	13;1
@140
	15;-1;-1;-1
	4;1800
	11
@0
	0
entry 211 (256)
@0
	24
	1;0;0
	1;1;0
	15;0;0;8
@50
	15;0;0;8
	16;もっと幸せになりたければ、大きな気持ちを
	16;もつ事ね。
	4;500
	13;0
@80
	9;500
	13;1
@140
	15;-1;-1;-1
	4;1800
	11
@0
	0
