entry 0 (256)
@0
	13;0
	7;1
@90
	13;1
	24
	1;0;0
	15;0;0;-1
	23;0
@140
	15;0;-1;-1
	16;竹林にも来訪者が途絶えないのよ。
	4;500
	15;1;-2;-1
	16;あ、いたいた。
	4;500
	23;1
	13;0
@170
	1;1;0
	15;1;-2;5
	13;1
	8
	16;って兎かー。
	16;もっと珍しい者を探しているのに。
	4;500
@171
	17;0;4
	16;そーですか。
	16;なら、光る竹でも探したら？
	4;500
@172
	17;1;1
	16;光る竹なら、さっき見つけたわよ？
	7;2
	4;500
	5;0;5
	5;1;5
	13;0
	25
@202
	0
	13;1
@0
	0
entry 1 (256)
@0
	24
	1;0;0
	1;1;0
	15;0;1;8
@50
	15;0;1;8
	16;あっそう。
	16;そんな珍しいものばかり探してるんなら、
	4;500
@51
	17;0;2
	16;光る竹を割ってみなさいよ。
	4;500
	13;0
@81
	9;500
	13;1
@141
	15;-1;-1;-1
	4;1800
@0
	0
entry 2 (256)
@0
	24
	1;0;0
	1;1;0
	15;1;8;2
@50
	15;1;8;2
	16;なんだか、何処に行っても違いが
	16;見つけられないなぁ。
	4;500
	13;0
@80
	9;500
	13;1
@140
	15;-1;-1;-1
	4;1800
@0
	0
entry 10 (256)
@0
	13;0
	7;1
@90
	13;1
	24
	1;0;0
	15;0;0;-1
	23;0
@140
	15;0;-1;-1
	16;竹林にも来訪者が途絶えないね。
	4;500
	15;1;-2;-1
	16;確かこの辺だったような……
	4;500
	23;1
	13;0
@170
	1;1;0
	15;1;-2;7
	13;1
	8
	16;ああ丁度良いところに。
	16;この辺に光る竹があったような気がしたんだが
	4;500
@171
	17;0;4
	16;光る竹は昼間見ても判らないよ。
	4;500
@172
	17;1;6
	16;でも夜は探しにくいからなぁ。
	7;3
	4;500
	5;0;5
	5;1;5
	13;0
	25
@202
	0
	13;1
@0
	0
entry 11 (256)
@0
	24
	1;0;0
	1;1;0
	15;0;1;8
@50
	15;0;1;8
	16;竹林は人を迷わす竹の迷路。
	4;500
@51
	17;0;0
	16;迷うと言う事は、生きた人間らしい行為よね。
	4;500
	13;0
@81
	9;500
	13;1
@141
	15;-1;-1;-1
	4;1800
@0
	0
entry 12 (256)
@0
	24
	1;0;0
	1;1;0
	15;1;8;6
@50
	15;1;8;6
	16;確かに光っていた様な気がしたんだけどなぁ。
	4;500
	13;0
@80
	9;500
	13;1
@140
	15;-1;-1;-1
	4;1800
@0
	0
entry 20 (256)
@0
	13;0
	7;1
@90
	13;1
	24
	1;0;0
	15;0;2;-1
	23;0
@140
	15;0;-1;-1
	16;面白い。面白いよ！
	4;500
	15;1;-2;-1
	16;また浮かれた何かが居るわね。
	4;500
	23;1
	13;0
@170
	1;1;0
	15;1;-2;0
	13;1
	8
	16;こんなに花が咲いていたらしょうがないわね。
	4;500
@171
	17;0;5
	16;私の足下、全部四つ葉のクローバー！
	4;500
@172
	17;1;7
	16;わ、本当だわ！
	7;4
	4;500
	5;0;5
	5;1;5
	13;0
	25
@202
	0
	13;1
@0
	0
entry 21 (256)
@0
	24
	1;0;0
	1;1;0
	15;0;4;8
@50
	15;0;4;8
	16;四つ葉のクローバーも、十万分の一の確率も
	16;あるんだから、レアでもなんでもないわね。
	4;500
	13;0
@80
	9;500
	13;1
@140
	15;-1;-1;-1
	4;1800
@0
	0
entry 22 (256)
@0
	24
	1;0;0
	1;1;0
	15;1;8;2
@50
	15;1;8;2
	16;少し摘んでいこうかしら？
	16;良い運命に会えるかも知れないし。
	4;500
	13;0
@80
	9;500
	13;1
@140
	15;-1;-1;-1
	4;1800
@0
	0
entry 30 (256)
@0
	13;0
	7;5
@90
	13;1
	24
	1;0;0
	15;0;0;-1
	23;0
@140
	15;0;-1;-1
	16;あの世かー。
	16;ここは静かで良いわねー。
	4;500
	15;1;-2;-1
	16;あの世が良いって言う動物も珍しい。
	4;500
	23;1
	13;0
@170
	1;1;0
	15;1;-2;0
	13;1
	8
	16;単純な生き物ほど死を無条件で恐れる物
	16;なのに。
	4;500
@171
	17;0;6
	16;兎は高等よ？
	16;昔はあまたの神々と交流もあったもんよ。
	4;500
@172
	17;1;4
	16;まぁ月にも居たりするし……。
	16;何で今は食料に甘んじているのかしら？
	4;500
	5;0;5
	5;1;5
	5;2;5
	5;3;5
	13;0
	25
@202
	0
	13;1
@0
	0
entry 31 (256)
@0
	24
	1;0;0
	1;1;0
	15;0;6;8
@50
	15;0;6;8
	16;でも花が大して咲いていないからつまんない。
	16;やっぱりこの世が良いなぁ。
	4;500
	13;0
@80
	9;500
	13;1
@140
	15;-1;-1;-1
	4;1800
@0
	0
entry 32 (256)
@0
	24
	1;0;0
	1;1;0
	15;1;8;4
@50
	15;1;8;4
	16;こんな所お嬢様に見られたら、兎狩りをやらさ
	16;れるに違いない。
	4;500
	13;0
@80
	9;500
	13;1
@140
	15;-1;-1;-1
	4;1800
@0
	0
entry 40 (256)
@0
	13;0
	7;1
@90
	13;1
	24
	1;0;0
	15;0;0;-1
	23;0
@140
	15;0;-1;-1
	16;竹林にも来訪者が途絶えないんだってば。
	4;500
	15;1;-2;-1
	16;あー、やっと見つけたわー！
	4;500
	23;1
	13;0
@170
	1;1;0
	15;1;-2;3
	13;1
	8
	16;勝手にほっつき歩いて、花に浮かれてないで
	16;家に戻りなさい！
	4;500
@171
	17;0;7
	7;10
	16;げげ！
	16;見つかったわー。
	4;500
@172
	17;1;5
	16;まだまだ仕事が一杯残っているんだからね。
	4;500
	5;0;5
	5;1;5
	5;2;5
	5;3;5
	13;0
	25
@202
	0
	13;1
@0
	0
entry 41 (256)
@0
	24
	1;0;0
	1;1;0
	15;0;2;8
@50
	15;0;2;8
	16;いいや、まだまだ！
	4;500
@51
	17;0;0
	16;もっともっと珍しい花を見つけて来るまで、
	16;捕まる訳にはいかないわー。
	4;500
	13;0
@81
	9;500
	13;1
@141
	15;-1;-1;-1
	4;1800
@0
	0
entry 42 (256)
@0
	24
	1;0;0
	1;1;0
	15;1;8;0
@50
	15;1;8;0
	16;捕まえた。
	16;さー、帰るわよ。
	4;500
	13;0
@80
	9;500
	13;1
@140
	15;-1;-1;-1
	4;1800
@0
	0
entry 50 (256)
@0
	13;0
	7;1
@90
	13;1
	24
	1;0;0
	15;0;6;-1
	23;0
@140
	15;0;-1;-1
	16;湖の上はちょっと肌寒いわね。
	4;500
	15;1;-2;-1
	16;水の上にうさぎー？
	4;500
	23;1
	13;0
@170
	1;1;0
	15;1;-2;5
	13;1
	8
	16;異変もここまで来たか。
	4;500
@171
	17;0;0
	16;肌寒いと言うより、冷たいのね。
	16;花の咲かない湖は。
	4;500
@172
	17;1;3
	16;湖に花が咲くわけ無いじゃん。
	7;7
	4;500
	5;0;5
	5;1;5
	13;0
	25
@202
	0
	13;1
@0
	0
entry 51 (256)
@0
	24
	1;0;0
	1;1;0
	15;0;0;8
@50
	15;0;0;8
	16;花が咲かないのは、あんたみたいな冷たいのが
	16;いるからよ。
	4;500
	13;0
@80
	9;500
	13;1
@140
	15;-1;-1;-1
	4;1800
@0
	0
entry 52 (256)
@0
	24
	1;0;0
	1;1;0
	15;1;8;2
@50
	15;1;8;2
	16;うさぎが水の上を跳ねるなんて、
	16;おかしいにも程があるよ。
	4;500
	13;0
@80
	9;500
	13;1
@140
	15;-1;-1;-1
	4;1800
@0
	0
entry 60 (256)
@0
	13;0
	7;1
@90
	13;1
	24
	1;0;0
	15;0;0;-1
	23;0
@140
	15;0;-1;-1
	16;あんまり高いところまで飛ぶと、流石に
	16;くらくらするね。
	4;500
	15;1;-2;-1
	16;兎は昔、
	4;500
	23;1
	13;0
@170
	1;1;0
	15;1;-2;5
	13;1
	8
	16;空を飛んでいたんじゃなかったっけ？
	4;500
@171
	17;0;4
	16;それは昔の話。今は、地に足がついた
	16;生活を送れるまで進化したの。
	4;500
@172
	17;1;1
	16;ああそう。
	16;じゃ、何でいま空を飛んでるのかなー。
	7;8
	4;500
	5;0;5
	5;1;5
	13;0
	25
@202
	0
	13;1
@0
	0
entry 61 (256)
@0
	24
	1;0;0
	1;1;0
	15;0;4;8
@50
	15;0;4;8
	16;前後左右に行く場所が無くなったら、上しか
	16;無いでしょうに。
	4;500
	13;0
@80
	9;500
	13;1
@140
	15;-1;-1;-1
	4;1800
@0
	0
entry 62 (256)
@0
	24
	1;0;0
	1;1;0
	15;1;8;2
@50
	15;1;8;2
	16;地上の兎が、雲の中におちていくー。
	4;500
	13;0
@80
	9;500
	13;1
@140
	15;-1;-1;-1
	4;1800
@0
	0
entry 70 (256)
@0
	13;0
	7;1
@90
	13;1
	24
	1;0;0
	15;0;2;-1
	23;0
@140
	15;0;-1;-1
	16;タラッタラッタラッタ、可愛いダンス～♪
	4;500
	15;1;-2;-1
	16;私の前に歌いながらやってくるなんて、
	4;500
	23;1
	13;0
@170
	1;1;0
	15;1;-2;3
	13;1
	8
	16;なんという挑発。
	16;なんといううさぎのダンス。
	4;500
@171
	17;0;4
	16;何を。これだけ花が咲いていれば歌っても
	16;良いじゃないの。
	4;500
@172
	17;1;5
	16;この辺で歌を歌って良いのは私だけよ！
	7;9
	4;500
	5;0;5
	5;1;5
	13;0
	25
@202
	0
	13;1
@0
	0
entry 71 (256)
@0
	24
	1;0;0
	1;1;0
	15;0;0;8
@50
	15;0;0;8
	16;驕りね、驕り。
	16;この辺にはもっと強い妖怪は居ないのかしら？
	4;500
	13;0
@80
	9;500
	13;1
@140
	15;-1;-1;-1
	4;1800
@0
	0
entry 72 (256)
@0
	24
	1;0;0
	1;1;0
	15;1;8;2
@50
	15;1;8;2
	16;さ、静かになったところで歌でも歌おうっと。
	4;500
	13;0
@80
	9;500
	13;1
@140
	15;-1;-1;-1
	4;1800
@0
	0
entry 110 (256)
@0
	13;0
	7;18
@90
	13;1
	24
	1;0;0
	15;0;7;-1
	23;0
@140
	15;0;-1;-1
	16;うーわー
	4;500
@141
	17;0;6
	16;鈴蘭？　こんなのの臭いを体に付けて帰ったら
	16;怒られるわ～
	4;500
	15;1;-2;-1
	16;兎なんて珍しい。
	4;500
	23;1
	13;0
@171
	1;1;0
	15;1;-2;2
	13;1
	16;鈴蘭の香りに誘われたわね。
	4;500
@172
	17;0;4
	16;いや、
	16;心臓は悪くないしー。
	4;500
@173
	17;1;5
	16;それは見るからに想像付くわよ。
	16;でも、毒は効きそうね。
	4;500
@174
	17;0;0
	16;ここらへんの毒は凄いわね。
	16;もしかして全部貴方が作った毒？
	4;500
@175
	17;1;5
	8
	16;殆どが花の毒だけど、私がもっと使い出のある
	16;毒にしたの。
	4;500
@176
	17;0;2
	16;凄い凄い。
	4;500
@177
	17;1;2
	16;えへへ。
	4;500
@178
	17;0;0
	7;13
	28;1
	16;でもね、
	4;500
@179
	17;0;2
	16;私の知り合いにも薬の達人が居るの。
	16;毒薬だけと言わず、ありとあらゆる薬の。
	4;500
@180
	17;0;5
	16;貴方はこの鈴蘭の毒を使って、もっと効き目の
	16;ある毒を作りたいと思わない？
	4;500
@181
	17;1;5
	16;へえ～。私より毒を扱うのが上手い人なんて
	16;居ないと思うけど。
	4;500
@182
	17;1;5
	16;それで、どちらが毒を扱うのが上手いのか勝負
	16;したいのかしら？
	4;500
@183
	17;0;7
	16;ううん。そんなんじゃないの。
	4;500
@184
	17;0;0
	16;この辺の鈴蘭畑の一角を少しだけでも
	16;私に預けるだけで……
	4;500
@185
	17;0;2
	16;毒は何倍にもなって貴方の元に返るでしょう。
	4;500
@186
	17;0;5
	16;いい話だと思わない？
	16;貴方は、この広大な土地の一部を貸すだけ。
	4;500
@187
	17;1;4
	16;とたんに胡散臭くなってきたわね。
	4;500
@188
	17;1;1
	16;私の大切な鈴蘭畑は渡せない。
	16;私の作った毒が弱いかどうか味わうと良いわ。
	4;500
@189
	17;0;2
	16;じゃあ、味わっても無事なら契約成立ね♪
	4;500
	5;0;5
	5;1;5
	5;2;5
	5;3;5
	13;0
	25
@219
	0
	13;1
@0
	0
entry 111 (256)
@0
	24
	1;0;0
	1;1;0
	15;0;6;8
@50
	15;0;6;8
	16;じゃあ、あの辺の一角は私のもの……
	16;って、息苦しくなってきたわね。
	4;500
@51
	17;1;8
	16;遅効性の香りは心を直撃する。
	4;500
@52
	17;1;8
	16;一角は貸してあげるから、ここを離れてから
	16;私の毒の本当の恐ろしさを感じるのよ。
	4;500
@53
	17;0;2
	16;まあいいや。
	16;うちの兎を騙して毒を集めさせれば。
	4;500
	13;0
@83
	9;500
	13;1
@143
	15;-1;-1;-1
	4;1800
@0
	0
entry 112 (256)
@0
	24
	1;0;0
	1;1;0
	15;1;8;6
@50
	15;1;8;6
	16;毒が回る前に私の攻撃で倒れられても
	16;意味がないじゃん。
	4;500
	13;0
@80
	9;500
	13;1
@140
	15;-1;-1;-1
	4;1800
@0
	0
entry 120 (256)
@0
	13;0
	7;14
@90
	13;1
	24
	1;0;0
	15;0;6;-1
	23;0
@140
	15;0;-1;-1
	16;ふう。
	4;500
@141
	17;0;6
	16;案外毒が回ってるかも知れない……
	4;500
@142
	17;0;7
	16;って、ここら辺も毒の花で一杯だー……
	4;500
@143
	17;0;6
	16;一体幻想郷に何が起こっているのかしら
	4;500
	15;1;-2;-1
	16;また自殺願望者のお出ましか！
	4;500
@144
	17;0;7
	16;誰！？
	4;500
	23;1
	13;0
@174
	1;1;0
	15;1;-2;0
	13;1
	16;お前は兎か……
	16;それも全身に毒が回っている。
	4;500
@175
	17;1;6
	16;兎ですら死にたがるのか
	16;何が起こっているのだ？
	4;500
@176
	17;0;3
	16;それは私が聞きたいわ！
	16;休憩できるかと思ったら、ここも毒だらけだし
	4;500
@177
	17;1;6
	16;毒だらけ？
	16;ここは無縁の塚……って
	4;500
@178
	17;1;7
	16;あれ？
	16;彼岸花？　何で今の時期に彼岸花が咲く？
	4;500
@179
	17;0;3
	16;こんな所で倒れればますます弱りそうよ
	16;だからといって死にに来た訳じゃないからね！
	4;500
@180
	17;1;4
	16;うむ。
	16;死にたい奴とは思えない元気さだ。
	4;500
@181
	17;1;5
	16;でも、私を騙しても無駄。
	16;本当は死にたいんだろう？
	4;500
@182
	17;0;6
	16;ちょっとちょっと
	16;私が人を騙すような兎に見えます～？
	4;500
@183
	17;1;4
	16;凄く見えるな。
	4;500
@184
	17;1;0
	16;兎は河を渡るのに、騙してフカの背を渡ると
	16;言われている。
	4;500
@185
	17;0;4
	16;川に鮫は居ないでしょうに。
	4;500
@186
	17;1;5
	16;三途の川は普通の川ではない。
	16;勿論、淡水でも海水でもない。
	4;500
@187
	17;1;0
	16;外の世界で絶滅した水の生き物が棲む
	16;滅亡の河だ。
	4;500
@188
	17;1;1
	16;そこに棲む生き物も過去の生き物。
	16;海竜からゴンベッサまでと幅広く棲む。
	4;500
@189
	17;1;2
	16;お前は川の上に連れて行っても、お前に騙され
	16;たフカに喰われるのが関の山だろう。
	4;500
	5;0;5
	5;1;5
	5;2;5
	5;3;5
	13;0
	25
@219
	0
	13;1
@0
	0
entry 121 (256)
@0
	24
	1;0;0
	1;1;0
	15;0;0;8
@50
	15;0;0;8
	16;適当な事ばっかり言って、
	16;私は最初から嘘なんて吐いていないわよ。
	4;500
@51
	17;0;6
	16;ああもう、そろそろ休みたいわ。
	4;500
@52
	17;1;8
	16;ほら、死ぬ気。
	4;500
@53
	17;0;4
	16;違うってば。
	4;500
	13;0
@83
	9;500
	13;1
@143
	15;-1;-1;-1
	4;1800
@0
	0
entry 122 (256)
@0
	24
	1;0;0
	1;1;0
	15;1;8;0
@50
	15;1;8;0
	16;ほら、その辺で倒れていると本当に死ぬぞ。
	16;さっさと自分の寝床に帰って寝るんだな。
	4;500
	13;0
@80
	9;500
	13;1
@140
	15;-1;-1;-1
	4;1800
@0
	0
entry 130 (256)
@0
	13;0
	7;18
@90
	13;1
	24
	1;0;0
	15;0;0;-1
	23;0
@140
	15;0;-1;-1
	16;桜だー……
	4;500
@141
	17;0;2
	16;静かだし、この辺ならやっと休めそうね。
	4;500
@142
	17;0;0
	16;ちょっとこの桜の色は気持ち悪いけど……
	4;500
	15;1;-2;-1
	16;この桜は紫色に咲く桜。
	16;許される事のない罪の色。
	4;500
@143
	17;1;-1
	16;静かに眠るは後悔の念。
	4;500
	23;1
	13;0
@173
	1;1;0
	15;1;-2;0
	13;1
	16;貴方もこの紫の桜の下で眠ると言うの？
	4;500
@174
	17;0;4
	16;もー。
	16;ちょっと休ませてよ。
	4;500
@175
	17;0;6
	16;鈴蘭と彼岸花の毒にやられたんだってばさー
	4;500
@176
	17;1;0
	16;花の乱れは、私の部下の責任だけど……
	16;毒は貴方の軽率な行動の所為。
	4;500
@177
	17;0;3
	16;偉そうね。
	16;私と貴方、どういう関係があるっていうのよ。
	4;500
@178
	17;1;1
	8
	16;私は死後に罪を裁く者。
	16;生前の悪行は全て私が管理してますがゆえ。
	4;500
@179
	17;0;7
	16;あ、これはこれは閻魔様では無いですか。
	16;失礼しました～
	4;500
@180
	17;0;2
	16;いま、誰も弔わない無縁塚で、私一人だけでも
	16;と思ってお参りに来ていたところです。
	4;500
@181
	17;0;1
	16;それでわたくしめに何の用でしょうか？
	4;500
@182
	17;1;4
	16;調子の良い妖怪兎だこと
	4;500
@183
	17;0;7
	16;まさか～
	16;私は何時だって人の言うことを良く聞く、
	4;500
@184
	17;0;0
	16;幻想郷で最も賢くて可愛い兎、
	16;って呼ばれてるんです。
	4;500
@185
	17;1;0
	7;-1
	16;狡賢くて空世辞を言う兎の聞き間違いです
	4;500
@186
	17;1;6
	16;妖精の悪戯とは異なり、貴方の場合は
	16;程度の低い詐欺なのです。
	4;500
@187
	17;1;0
	7;15
	28;1
	16;そう、貴方は少し人を騙しすぎる
	4;500
@188
	17;0;4
	16;……
	4;500
@189
	17;1;5
	16;このままでは、貴方は私が裁く前に
	16;誰かに皮をひん剥かれるでしょう。
	4;500
@190
	17;1;1
	16;そうでなくても、貴方は裁判では
	16;非常に不利になる。
	4;500
@191
	17;0;7
	16;えぇそんなー
	16;何とかならないのですかぁ閻魔様～
	4;500
@192
	17;1;4
	16;少しでも反省する気があるのならば、
	4;500
@193
	17;1;0
	16;これから私の裁きを素直な気持ちで
	16;受け入れるのです。
	4;500
@194
	17;1;1
	16;天国か地獄か。
	16;貴方が行きたいのは、さあ、どっち？
	4;500
	5;0;5
	5;1;5
	5;2;5
	5;3;5
	13;0
	25
@224
	0
	13;1
@0
	0
entry 131 (256)
@0
	4;500
	13;0
	9;0
	13;1
@1
	4;1800
	14
@300
	0
@0
	0
entry 132 (256)
@0
	24
	1;0;0
	1;1;0
	15;1;8;0
@50
	15;1;8;0
	16;まだまだこの程度では罪は消えません。
	16;勿論死んだふりも無駄ですよ？
	4;500
	13;0
@80
	9;500
	13;1
@140
	15;-1;-1;-1
	4;1800
@0
	0
entry 200 (256)
@0
	23;0
	23;1
	25
@20
	0
@0
	0
entry 201 (256)
@0
	23;0
	23;1
	25
@20
	0
@0
	0
