entry 200 (256)
@0
	7;1
	23;0
	23;1
	25
@20
	0
@0
	0
entry 201 (256)
@0
	23;0
	23;1
	25
@20
	0
@0
	0
entry 0 (192)
@0
	24
	1;0;0
	1;1;0
	15;0;1;8
@50
	15;0;1;8
	16;あらお久しぶりね。
	16;まだしがない巫女やってるのね。
	4;500
	13;0
@80
	9;500
	13;1
@140
	15;-1;-1;-1
	4;1800
	11
@0
	0
entry 10 (192)
@0
	24
	1;0;0
	1;1;0
	15;0;0;8
@50
	15;0;0;8
	16;あら、まだ生きてたの。
	16;随分と大きくなっちゃってねぇ。
	4;500
	13;0
@80
	9;500
	13;1
@140
	15;-1;-1;-1
	4;1800
	11
@0
	0
entry 20 (192)
@0
	24
	1;0;0
	1;1;0
	15;0;0;8
@50
	15;0;0;8
	16;月見草なんてどうかしら？
	16;いや、貴方に合いそうな花を想像していたの。
	4;500
	13;0
@80
	9;500
	13;1
@140
	15;-1;-1;-1
	4;1800
	11
@0
	0
entry 30 (192)
@0
	24
	1;0;0
	1;1;0
	15;0;1;8
@50
	15;0;1;8
	16;水芭蕉なんてどうかしら？
	16;いや、貴方に合いそうな花を想像していたの。
	4;500
	13;0
@80
	9;500
	13;1
@140
	15;-1;-1;-1
	4;1800
	11
@0
	0
entry 40 (192)
@0
	24
	1;0;0
	1;1;0
	15;0;1;8
@50
	15;0;1;8
	16;鬼灯なんてどうかしら？
	16;いや、貴方に合いそうな花を想像していたの。
	4;500
	13;0
@80
	9;500
	13;1
@140
	15;-1;-1;-1
	4;1800
	11
@0
	0
entry 50 (96)
@0
	24
	1;0;0
	1;1;0
	15;0;4;8
@50
	15;0;4;8
	16;雪の下なんてどうかしら？
	16;いや、貴方に合いそうな花を想像していたの。
	4;500
	13;0
@80
	9;500
	13;1
@140
	15;-1;-1;-1
	4;1800
	11
@0
	0
entry 60 (192)
@0
	24
	1;0;0
	1;1;0
	15;0;1;8
@50
	15;0;1;8
	16;フラワーロックなんてどうかしら？
	16;いや、貴方に合いそうな花を想像していたの。
	4;500
	13;0
@80
	9;500
	13;1
@140
	15;-1;-1;-1
	4;1800
	11
@0
	0
entry 70 (192)
@0
	24
	1;0;0
	1;1;0
	15;0;0;8
@50
	15;0;0;8
	16;トンボ花火なんてどうかしら？
	16;いや、貴方に合いそうな花を想像していたの。
	4;500
	13;0
@80
	9;500
	13;1
@140
	15;-1;-1;-1
	4;1800
	11
@0
	0
entry 80 (256)
@0
	24
	1;0;0
	1;1;0
	15;0;1;8
@50
	15;0;1;8
	16;花見酒なんてどうかしら？
	16;いや、貴方に合いそうな花を想像していたの。
	4;500
	13;0
@80
	9;500
	13;1
@140
	15;-1;-1;-1
	4;1800
	11
@0
	0
entry 90 (256)
@0
	24
	1;0;0
	1;1;0
	15;0;1;8
@50
	15;0;1;8
	16;向日葵だって、つかれちゃうわよねぇ。
	4;500
	13;0
@80
	9;500
	13;1
@140
	15;-1;-1;-1
	4;1800
	11
@0
	0
entry 100 (192)
@0
	24
	1;0;0
	1;1;0
	15;0;1;8
@50
	15;0;1;8
	16;松の花なんてどうかしら？
	16;いや、野暮ったい感じがぴったりかと。
	4;500
	13;0
@80
	9;500
	13;1
@140
	15;-1;-1;-1
	4;1800
	11
@0
	0
entry 110 (192)
@0
	24
	1;0;0
	1;1;0
	15;0;1;8
@50
	15;0;1;8
	16;ゲルセミウム・エレガンス。最強の毒をもつ
	16;植物よ。これなら貴方も倒れるかもね。
	4;500
	13;0
@80
	9;500
	13;1
@140
	15;-1;-1;-1
	4;1800
	11
@0
	0
entry 120 (192)
@0
	24
	1;0;0
	1;1;0
	15;0;1;8
@50
	15;0;1;8
	16;火事と喧嘩かな？
	16;いや、貴方に合いそうな花を想像していたの。
	4;500
	13;0
@80
	9;500
	13;1
@140
	15;-1;-1;-1
	4;1800
	11
@0
	0
entry 130 (192)
@0
	24
	1;0;0
	1;1;0
	15;0;1;8
@50
	15;0;1;8
	16;地獄にはどういう花が咲いているのでしょう。
	16;さぞかし悪い事した花なんでしょうね。
	4;500
	13;0
@80
	9;500
	13;1
@140
	15;-1;-1;-1
	4;1800
	11
@0
	0
entry 140 (256)
@0
	24
	1;0;0
	1;1;0
	15;0;1;8
@50
	15;0;1;8
	16;フラワーロックなんてどうかしら？
	16;いや、貴方に合いそうな花を想像していたの。
	4;500
	13;0
@80
	9;500
	13;1
@140
	15;-1;-1;-1
	4;1800
	11
@0
	0
entry 150 (256)
@0
	24
	1;0;0
	1;1;0
	15;0;1;8
@50
	15;0;1;8
	16;フラワーロックなんてどうかしら？
	16;いや、貴方に合いそうな花を想像していたの。
	4;500
	13;0
@80
	9;500
	13;1
@140
	15;-1;-1;-1
	4;1800
	11
@0
	0
entry 210 (128)
@0
	24
	1;0;0
	1;1;0
	15;0;0;8
@50
	15;0;0;8
	16;花は土に含まれる僅かな色を集めて咲き、
	16;花びらが散るとまた土に還る。
	4;500
@51
	17;0;0
	16;生き物の花も同じ。
	4;500
@52
	17;0;1
	16;周りの色を集める事で、花が美しく咲く。
	16;そして、花が咲いたら周りに色を還すのです。
	4;500
	13;0
@82
	9;500
	13;1
@142
	15;-1;-1;-1
	4;1800
	11
@0
	0
entry 211 (256)
@0
	24
	1;0;0
	1;1;0
	15;0;0;8
@50
	15;0;0;8
	16;自分の花を咲かせる事の出来る人は少ないわ。
	4;500
@51
	17;0;1
	16;何故かって言うと、自分だけで花の開花を完結
	16;させようとする傲慢な考えが絶えないからよ。
	4;500
@52
	17;0;1
	16;花を咲かせる事は、土の力なのです。
	16;だから、咲いたら土に還す事もお忘れ無く。
	4;500
	13;0
@82
	9;500
	13;1
@142
	15;-1;-1;-1
	4;1800
	11
@0
	0
