entry 0 (256)
@0
	13;0
	7;1
@90
	13;1
	24
	1;0;0
	15;0;6;-1
	23;0
@140
	15;0;-1;-1
	16;ネーター、ネーター
	4;500
	15;1;-2;-1
	16;天狗？
	4;500
	23;1
	13;0
@170
	1;1;0
	15;1;-2;0
	13;1
	8
	16;天狗が悩んでるなんて珍しいわ。
	4;500
@171
	17;0;7
	16;あ、こんな所に居たなんて！
	4;500
@172
	17;0;2
	16;巫女はネタの宝庫です。
	16;こういう騒がしいときは、巫女に限ります。
	4;500
@173
	17;1;4
	16;もしかしてなんか馬鹿にされてない？
	7;2
	4;500
	5;0;5
	5;1;5
	13;0
	25
@203
	0
	13;1
@0
	0
entry 1 (256)
@0
	24
	1;0;0
	1;1;0
	15;0;2;8
@50
	15;0;2;8
	16;さあさあ、貴方は好きなように行動して良い
	16;ですよ？
	4;500
@51
	17;1;-1
	16;もういいや。今日はなんだか勘が冴えないし。
	4;500
@52
	17;0;6
	16;もー、何、弱気を言っているのですか。
	4;500
@53
	17;0;0
	16;巫女が腑抜けじゃ、私が花を元通りに
	16;しちゃいますよ？
	4;500
	13;0
@83
	9;500
	13;1
@143
	15;-1;-1;-1
	4;1800
@0
	0
entry 2 (256)
@0
	24
	1;0;0
	1;1;0
	15;1;8;1
@50
	15;1;8;1
	16;そうだ、天狗なら何か知っているでしょう？
	16;この花の異変のことも。
	4;500
	13;0
@80
	9;500
	13;1
@140
	15;-1;-1;-1
	4;1800
@0
	0
entry 10 (256)
@0
	13;0
	7;1
@90
	13;1
	24
	1;0;0
	15;0;6;-1
	23;0
@140
	15;0;-1;-1
	16;みんな騒いでいるけど、花に浮かれている
	16;だけで目的が殆ど無いのですね。
	4;500
	15;1;-2;-1
	16;そうだな。
	4;500
	23;1
	13;0
@170
	1;1;0
	15;1;-2;5
	13;1
	8
	16;確かにみんなおかしいぜ。
	16;あちこち飛んでいるけど目的がないみたいで。
	4;500
@171
	17;0;0
	16;あ、泥棒さん。
	16;貴方は目的があって飛んでいるのですか？
	4;500
@172
	17;1;7
	16;ど、泥棒！？
	16;誰のことを言っているんだ？
	4;500
@173
	17;0;5
	16;ああ、魔法使いさんでしたね。
	16;で、目的は？
	4;500
@174
	17;1;5
	16;目的は珍しい花探しだ。
	16;花じゃ無くてもいいがな。
	7;3
	4;500
	5;0;5
	5;1;5
	13;0
	25
@204
	0
	13;1
@0
	0
entry 11 (256)
@0
	24
	1;0;0
	1;1;0
	15;0;1;8
@50
	15;0;1;8
	16;これだけ花が咲いていたら、珍しいもへったく
	16;れもないです。
	4;500
@51
	17;1;-1
	16;なんだよ。
	16;お前、天狗なんだろう？
	4;500
@52
	17;1;-1
	16;天狗だったら、面白いもんいっぱい持ってい
	16;そうだな。
	4;500
@53
	17;0;5
	16;泥棒に貸す様な物は、
	16;何一つ持っていないのです。
	4;500
@54
	17;0;6
	16;貴方も、小ネタ程度の事件しか起こしそうに
	16;ないですね……。
	4;500
@55
	17;0;0
	16;仕様がないです。私がこの花の真相を曝いて
	16;しまいましょう。
	4;500
	13;0
@85
	9;500
	13;1
@145
	15;-1;-1;-1
	4;1800
@0
	0
entry 12 (256)
@0
	24
	1;0;0
	1;1;0
	15;1;8;1
@50
	15;1;8;1
	16;泥棒ったー酷いな。
	16;私がそんな事する人間に見えるか。
	4;500
	13;0
@80
	9;500
	13;1
@140
	15;-1;-1;-1
	4;1800
@0
	0
entry 20 (256)
@0
	13;0
	7;1
@90
	13;1
	24
	1;0;0
	15;0;6;-1
	23;0
@140
	15;0;-1;-1
	16;これは、せせこましすぎて没……
	16;これは、嘘っぽいから没……
	4;500
	15;1;-2;-1
	16;あら、
	4;500
	23;1
	13;0
@170
	1;1;0
	15;1;-2;0
	13;1
	8
	16;ブツクサ言いながら何処に向かってるのかしら
	4;500
@171
	17;0;4
	16;思い返してみるとつまらないネタばかりです。
	16;この辺で挙動の不審な人間とか居ないかな。
	4;500
@172
	17;1;4
	16;独り言が多いと霊を呼ぶわよ。
	7;4
	4;500
	5;0;5
	5;1;5
	13;0
	25
@202
	0
	13;1
@0
	0
entry 21 (256)
@0
	24
	1;0;0
	1;1;0
	15;0;0;8
@50
	15;0;0;8
	16;あれ、考え事していたらいつの間にか人間に
	16;出くわしていたみたいね。
	4;500
	13;0
@80
	9;500
	13;1
@140
	15;-1;-1;-1
	4;1800
@0
	0
entry 22 (256)
@0
	24
	1;0;0
	1;1;0
	15;1;8;0
@50
	15;1;8;0
	16;考え事してるって、やっぱり花の異変の記事
	16;でも纏めてるのかしら？
	4;500
	13;0
@80
	9;500
	13;1
@140
	15;-1;-1;-1
	4;1800
@0
	0
entry 30 (256)
@0
	13;0
	7;5
@90
	13;1
	24
	1;0;0
	15;0;0;-1
	23;0
@140
	15;0;-1;-1
	16;久しぶりのあの世です。
	16;でも、ここはいつも通りなんですね。
	4;500
	15;1;-2;-1
	16;あれ？
	4;500
	23;1
	13;0
@170
	1;1;0
	15;1;-2;6
	13;1
	8
	16;天狗さんですね。まさか、また幽々子さまが
	16;何かやらかしたとか……
	4;500
@171
	17;0;7
	16;やらかすかも知れないと思って来たのですが、
	16;見当が外れました。
	4;500
@172
	17;1;0
	16;あの世はいつも通り、平穏なままです。
	4;500
	5;0;5
	5;1;5
	5;2;5
	5;3;5
	13;0
	25
@202
	0
	13;1
@0
	0
entry 31 (256)
@0
	24
	1;0;0
	1;1;0
	15;0;4;8
@50
	15;0;4;8
	16;って、攻撃しても仕様が無かった。
	16;なんか決闘癖が付いちゃったかな。
	4;500
	13;0
@80
	9;500
	13;1
@140
	15;-1;-1;-1
	4;1800
@0
	0
entry 32 (256)
@0
	24
	1;0;0
	1;1;0
	15;1;8;6
@50
	15;1;8;6
	16;平穏だって言っているのにー。
	4;500
	13;0
@80
	9;500
	13;1
@140
	15;-1;-1;-1
	4;1800
@0
	0
entry 40 (256)
@0
	13;0
	7;1
@90
	13;1
	24
	1;0;0
	15;0;7;-1
	23;0
@140
	15;0;-1;-1
	16;しまった。
	16;ネタを求めてたら、うっかり家の中でした。
	4;500
	15;1;-2;-1
	16;うっかり、って、
	4;500
	23;1
	13;0
@170
	1;1;0
	15;1;-2;4
	13;1
	8
	16;うっかりしてる奴多すぎよね。
	16;ほんと。
	4;500
@171
	17;0;0
	16;で、何かうっかり記事になりそうなネタは
	16;ないのでしょうか？
	4;500
@172
	17;1;3
	16;家の外は花だらけじゃないの。
	16;その記事でも書いたらどう？
	7;6
	4;500
	5;0;5
	5;1;5
	13;0
	25
@202
	0
	13;1
@0
	0
entry 41 (256)
@0
	24
	1;0;0
	1;1;0
	15;0;0;8
@50
	15;0;0;8
	16;花のことは、何となく原因が分かっています。
	4;500
@51
	17;0;6
	16;これは普通の異変ではないのですよ。
	4;500
	13;0
@81
	9;500
	13;1
@141
	15;-1;-1;-1
	4;1800
@0
	0
entry 42 (256)
@0
	24
	1;0;0
	1;1;0
	15;1;8;0
@50
	15;1;8;0
	16;本当に、うっかり家の中に入る事なんて
	16;あるもんなのかしら？
	4;500
	13;0
@80
	9;500
	13;1
@140
	15;-1;-1;-1
	4;1800
@0
	0
entry 50 (256)
@0
	13;0
	7;1
@90
	13;1
	24
	1;0;0
	15;0;0;-1
	23;0
@140
	15;0;-1;-1
	16;この辺にいるのはー
	4;500
	15;1;-2;-1
	16;お、飛ばしているなあ。
	4;500
	23;1
	13;0
@170
	1;1;0
	15;1;-2;2
	13;1
	8
	16;そんなに急いで何処に行くのさ。
	4;500
@171
	17;0;2
	16;大きなネタを探して急いでいるのですよ。
	16;大きな。
	4;500
@172
	17;1;4
	16;なんで、大きな、を強調するのよ。
	7;7
	4;500
	5;0;5
	5;1;5
	13;0
	25
@202
	0
	13;1
@0
	0
entry 51 (256)
@0
	24
	1;0;0
	1;1;0
	15;0;0;8
@50
	15;0;0;8
	16;大きいネタを探しているのです。
	4;500
@51
	17;0;2
	16;この花の異変もある程度はネタを集めてくれる
	16;でしょう。
	4;500
	13;0
@81
	9;500
	13;1
@141
	15;-1;-1;-1
	4;1800
@0
	0
entry 52 (256)
@0
	24
	1;0;0
	1;1;0
	15;1;8;2
@50
	15;1;8;2
	16;そうだ、私の記事を書いてよ！
	4;500
	13;0
@80
	9;500
	13;1
@140
	15;-1;-1;-1
	4;1800
@0
	0
entry 60 (256)
@0
	13;0
	7;1
@90
	13;1
	24
	1;0;0
	15;0;6;-1
	23;0
@140
	15;0;-1;-1
	16;雲の上にある、この門ですが。
	16;これが開くことはあるのかしら？
	4;500
	15;1;-2;-1
	16;あ、どこかで見たことがある奴だ。
	4;500
	23;1
	13;0
@170
	1;1;0
	15;1;-2;5
	13;1
	8
	16;何処で見たんだっけ？
	4;500
@171
	17;0;0
	16;あ、プリズムリバーさんの一番下の方。
	16;今日は取材じゃないですよ？
	4;500
@172
	17;1;4
	16;あ、そう。
	16;そう言えばあんたはマスコミだったわね。
	7;8
	4;500
	5;0;5
	5;1;5
	13;0
	25
@202
	0
	13;1
@0
	0
entry 61 (256)
@0
	24
	1;0;0
	1;1;0
	15;0;0;8
@50
	15;0;0;8
	16;ここの門が開くときは、本当の大異変が起きた
	16;ときでしょう。
	4;500
	13;0
@80
	9;500
	13;1
@140
	15;-1;-1;-1
	4;1800
@0
	0
entry 62 (256)
@0
	24
	1;0;0
	1;1;0
	15;1;8;2
@50
	15;1;8;2
	16;近いうちに大きなライブをやるよ。
	16;その時は新聞に載っけてよ。でかでかと。
	4;500
	13;0
@80
	9;500
	13;1
@140
	15;-1;-1;-1
	4;1800
@0
	0
entry 70 (256)
@0
	13;0
	7;1
@90
	13;1
	24
	1;0;0
	15;0;2;-1
	23;0
@140
	15;0;-1;-1
	16;この辺には良い店がある時もあるのよねー。
	4;500
	15;1;-2;-1
	16;かーらーすー何故鳴くのー。
	4;500
	23;1
	13;0
@170
	1;1;0
	15;1;-2;2
	13;1
	8
	16;からすの民意でしょう～。
	4;500
@171
	17;0;1
	16;あ、居た居た。
	16;今夜は屋台は出さないのですか？
	4;500
@172
	17;1;5
	16;今夜は花見なの。
	7;9
	4;500
	5;0;5
	5;1;5
	13;0
	25
@202
	0
	13;1
@0
	0
entry 71 (256)
@0
	24
	1;0;0
	1;1;0
	15;0;0;8
@50
	15;0;0;8
	16;そう。夜桜の下でお酒が飲めれば良かったの
	16;ですけれど。
	4;500
	13;0
@80
	9;500
	13;1
@140
	15;-1;-1;-1
	4;1800
@0
	0
entry 72 (256)
@0
	24
	1;0;0
	1;1;0
	15;1;8;2
@50
	15;1;8;2
	16;からすも自由に鳴ける様になって良かったね。
	4;500
	13;0
@80
	9;500
	13;1
@140
	15;-1;-1;-1
	4;1800
@0
	0
entry 80 (256)
@0
	13;0
	7;1
@90
	13;1
	24
	1;0;0
	15;0;6;-1
	23;0
@140
	15;0;-1;-1
	16;思ったより、記事になりそうなネタはない
	16;ですね……
	4;500
	15;1;-2;-1
	16;ネタ売るよ～ネタ売るよ～
	4;500
	23;1
	13;0
@170
	1;1;0
	15;1;-2;2
	13;1
	8
	7;10
	16;一ネタ一円だよ～
	4;500
@171
	17;0;4
	16;何時からそんな商売が成り立つようになって
	16;いたのかしら。
	4;500
@172
	17;1;1
	16;需要があるところに商売は生まれる。
	4;500
@173
	17;1;2
	16;ネタを探している人がいれば、
	16;売る人もいるのよ。
	4;500
	5;0;5
	5;1;5
	5;2;5
	5;3;5
	13;0
	25
@203
	0
	13;1
@0
	0
entry 81 (256)
@0
	24
	1;0;0
	1;1;0
	15;0;2;8
@50
	15;0;2;8
	16;さ、一円分は楽しんだでしょう？
	16;ネタを教えてくださいな。
	4;500
@51
	17;1;-1
	16;実は一円のネタより、もっと良いネタがあるん
	16;だけど……
	4;500
@52
	17;1;-1
	16;こっちは二円。
	4;500
@53
	17;0;6
	16;高すぎます……。
	4;500
	13;0
@83
	9;500
	13;1
@143
	15;-1;-1;-1
	4;1800
@0
	0
entry 82 (256)
@0
	24
	1;0;0
	1;1;0
	15;1;8;2
@50
	15;1;8;2
	16;攻撃したって無駄よー。
	4;500
	13;0
@80
	9;500
	13;1
@140
	15;-1;-1;-1
	4;1800
@0
	0
entry 110 (256)
@0
	13;0
	7;18
@90
	13;1
	24
	1;0;0
	15;0;0;-1
	23;0
@140
	15;0;-1;-1
	16;風が止んだわ。
	4;500
@141
	17;0;6
	16;ここの丘は風が吹いていない。
	4;500
@142
	17;0;2
	16;気持ち悪いから突風でも吹かそうっと。
	4;500
	15;1;-2;-1
	16;ちょい待ちな！
	4;500
@143
	17;0;1
	16;まずは烈風から、と。
	4;500
	23;1
	13;0
@173
	1;1;0
	15;1;-2;6
	13;1
	8
	16;風が吹かないのは毒が撒き散らなくて
	16;丁度良いの。
	4;500
@174
	17;0;0
	16;貴方は？
	4;500
@175
	17;1;5
	8
	16;最初からここに住んでました。
	16;むしろ私が聞きたいわ。
	4;500
@176
	17;0;1
	16;あ、遅れました。
	16;私は新聞記者の射命丸文です。
	4;500
@177
	17;0;2
	16;今は休暇兼取材中なのです。
	4;500
@178
	17;1;4
	16;仕事なの？
	16;遊びなの？
	4;500
@179
	17;1;0
	16;それに新聞記者って、
	16;新聞なんてあったっけ？
	4;500
@180
	17;0;6
	16;あったのです。
	16;我々天狗の仲間内では。
	4;500
@181
	17;1;5
	7;13
	28;1
	16;そう、それで今は何の取材？
	16;それとも休暇？
	4;500
@182
	17;0;0
	16;貴方は……記事になるようなことをする
	16;妖怪でしょうか？
	4;500
@183
	17;1;4
	16;ぐ、答えにくい質問ね。
	4;500
@184
	17;1;4
	16;するって自分で言うのも何だし、
	16;しないっていうのも何だか癪な……
	4;500
@185
	17;0;1
	16;まあ良いです。記事にならないのなら
	16;時間の無駄ですから次急ぎます。
	4;500
@186
	17;1;7
	16;ちょっと待ってよ！
	4;500
@187
	17;1;7
	16;私の記事も書いてよ！
	16;変なことはしないけど。
	4;500
	5;0;5
	5;1;5
	5;2;5
	5;3;5
	13;0
	25
@217
	0
	13;1
@0
	0
entry 111 (256)
@0
	24
	1;0;0
	1;1;0
	15;0;2;8
@50
	15;0;2;8
	16;私を脅したって事実と異なる事は書きません。
	4;500
@51
	17;0;1
	16;そもそも脅しになっていないですけども。
	4;500
@52
	17;1;8
	16;そうか、天狗は風なんだ。
	16;道理で私の毒霧が効かない訳ね……
	4;500
@53
	17;0;2
	16;毒の使いすぎの方で記事にならないように
	16;これからは気を付けるのですよ。
	4;500
	13;0
@83
	9;500
	13;1
@143
	15;-1;-1;-1
	4;1800
@0
	0
entry 112 (256)
@0
	24
	1;0;0
	1;1;0
	15;1;8;1
@50
	15;1;8;1
	16;さあ、私を格好良く記事にして頂戴！
	4;500
	13;0
@80
	9;500
	13;1
@140
	15;-1;-1;-1
	4;1800
@0
	0
entry 120 (256)
@0
	13;0
	7;14
@90
	13;1
	24
	1;0;0
	15;0;6;-1
	23;0
@140
	15;0;-1;-1
	16;私も無駄に時間を潰していた訳では無いのです
	4;500
@141
	17;0;0
	16;そう、最も幽霊の多い所を探して飛んでいた
	16;のです。
	4;500
@142
	17;0;2
	16;この奥が最も幽霊の集まった場所。
	16;無縁の塚……
	4;500
	15;1;-2;-1
	16;自殺をする奴は、
	4;500
	23;1
	13;0
@172
	1;1;0
	15;1;-2;0
	13;1
	16;悟った賢者か、考えすぎた愚者だけだ。
	4;500
@173
	17;1;5
	16;九分九厘、後者だがな。
	4;500
@174
	17;1;0
	16;愚者は、自殺を正当化するという事が愚か
	16;という事に気付かない。
	4;500
@175
	17;1;1
	16;まぁ、天狗は少し考え過ぎるからな。
	16;自殺に至る事もあるのかも知れない。
	4;500
@176
	17;0;3
	16;誰が自殺するって言うのですか。
	4;500
@177
	17;1;5
	8
	16;ここに来る奴はそういう愚かな者ばかりだ。
	4;500
@178
	17;0;3
	16;自殺の記事なんて誰も喜ばないわよ。
	16;そんなの読みたくも聞きたくもない。
	4;500
@179
	17;1;0
	16;記事にしてやれば自殺を踏みとどまるかも
	16;知れないよ。
	4;500
@180
	17;1;5
	16;ほら、ここらを飛んでいる幽霊だって……
	4;500
@181
	17;1;7
	16;って、幽霊！？
	16;何でこんなに沢山？
	4;500
@182
	17;0;4
	16;気が付いて無かったのかしら？
	16;今、幻想郷は幽霊だらけよ
	4;500
@183
	17;0;5
	16;その幽霊が花を咲かせてると思うんだけど、
	16;そのお陰で幻想郷は花だらけ。
	4;500
@184
	17;1;7
	16;何だって！？
	16;う、うむ。これはちょっと不味い
	4;500
@185
	17;0;7
	16;あ、スクープの予感。
	4;500
@186
	17;1;6
	16;そういう問題なのか？
	16;あたいはこれで仕事に戻らないとー
	4;500
@187
	17;0;2
	16;幻想郷一の俊足の天狗が逃すと思いますか？
	4;500
	5;0;5
	5;1;5
	5;2;5
	5;3;5
	13;0
	25
@217
	0
	13;1
@0
	0
entry 121 (256)
@0
	24
	1;0;0
	1;1;0
	15;0;1;8
@50
	15;0;1;8
	16;凄く怪しいのです。
	16;貴方は三途の川の死神ですね？
	4;500
@51
	17;1;8
	16;そうよ。
	16;そこまで判ってるんなら放しなさいよ。
	4;500
@52
	17;0;2
	16;まあもう良いですわ。
	16;今回の花の事件の全体像はあらかた判りました
	4;500
	13;0
@82
	9;500
	13;1
@142
	15;-1;-1;-1
	4;1800
@0
	0
entry 122 (256)
@0
	24
	1;0;0
	1;1;0
	15;1;8;4
@50
	15;1;8;4
	16;急いで仕事場に戻らないとー
	16;怒られるー
	4;500
	13;0
@80
	9;500
	13;1
@140
	15;-1;-1;-1
	4;1800
@0
	0
entry 130 (256)
@0
	13;0
	7;18
@90
	13;1
	24
	1;0;0
	15;0;0;-1
	23;0
@140
	15;0;-1;-1
	16;大分ネタが集まったわ。
	16;もう記事に出来そうな感じね。
	4;500
@141
	17;0;2
	16;解決するのは私の仕事じゃないから、
	16;私は帰って記事にしようっと。
	4;500
@142
	17;0;6
	16;って、何で？
	16;何で私はあの桜の方に向かっているのかしら？
	4;500
	15;1;-2;-1
	16;紫の桜は罪を集め、花を咲かす。
	4;500
@143
	17;1;-1
	16;誰にも言えない罪も、本人が自覚していない罪
	16;でも、桜の前では関係ない。
	4;500
	23;1
	13;0
@173
	1;1;0
	15;1;-2;0
	13;1
	16;紫の桜は、全ての罪を見てきているのです。
	4;500
@174
	17;0;6
	16;あのー、どちら様でしょうか？
	4;500
@175
	17;1;0
	16;どうしました？
	16;ここの桜は貴方の好みそうな過去の宝庫です。
	4;500
@176
	17;1;1
	16;殺人、密室殺人、連続殺人、うっかり殺人、
	16;ここにはあらゆる事件が眠っていますよ？
	4;500
@177
	17;0;4
	16;事件は殺人しか無いのでしょうか？
	16;殺人の記事は余り書きたくないのですが……
	4;500
@178
	17;1;1
	8
	7;-1
	16;私は霊の罪の重さを量る者、
	16;そう、閻魔です。
	4;500
@179
	17;0;7
	16;え、閻魔様ですって！？
	16;何でこの様な片田舎に？
	4;500
@180
	17;1;0
	16;外の世界の死者は、たまに大幅に増えるときが
	16;あります。
	4;500
@181
	17;1;1
	16;大体六十年に一度くらいの周期で増えるのです
	4;500
@182
	17;1;0
	16;丁度、今年がその時期なのよね……
	4;500
@183
	17;0;6
	16;そうなんですか……
	4;500
@184
	17;0;4
	16;そういえば季節外れの花が咲いた事って、
	16;過去に何度もあった気もしますね。
	4;500
@185
	17;0;0
	16;でも、六十年周期じゃ、
	16;昔過ぎて忘れても仕方がないわね。
	4;500
@186
	17;1;5
	16;貴方は、罪を咲かす紫の桜に引き寄せられた。
	4;500
@187
	17;1;0
	16;天狗は好奇心が旺盛だから、
	16;ネタには敏感なのね。
	4;500
@188
	17;1;1
	16;でもね、好奇心が事件を誘発している
	16;事もあるの。
	4;500
@189
	17;1;0
	7;15
	28;1
	16;そう、貴方は少し好奇心が旺盛すぎる。
	4;500
@190
	17;0;0
	16;……
	4;500
@191
	17;1;6
	16;新聞で事件を知らしめることは、新たな事件を
	16;生む種になる。
	4;500
@192
	17;1;6
	16;事件を追っているつもりが、自分が事件を
	16;誘発している。
	4;500
@193
	17;1;0
	16;貴方の罪は、貴方が誘発した事件の罪も
	16;含めると……
	4;500
@194
	17;1;1
	16;貴方は地獄に堕ちるでしょう。
	4;500
@195
	17;0;4
	16;えぇ～
	16;私は公明正大に、偽りなく記事にしています～
	4;500
@196
	17;1;1
	16;本当に真実を書く事は不可能な事です。
	4;500
@197
	17;1;0
	16;何故なら、そこには記事を読む人が居る
	16;という事実を含む事が出来ないからです。
	4;500
@198
	17;1;0
	16;記事を書けば、事実が変わる。
	4;500
@199
	17;1;0
	16;事実が変わったのを見て記事を変えれば、
	16;また事実が変わる。
	4;500
@200
	17;1;1
	16;貴方は、事件を誘発する覚悟で記事を
	16;書かなければいけない！
	4;500
	5;0;5
	5;1;5
	5;2;5
	5;3;5
	13;0
	25
@230
	0
	13;1
@0
	0
entry 131 (256)
@0
	4;500
	13;0
	9;0
	13;1
@1
	4;1800
	14
@300
	0
@0
	0
entry 132 (256)
@0
	24
	1;0;0
	1;1;0
	15;1;8;0
@50
	15;1;8;0
	16;ここの桜の霊達は、
	16;記事に書かれたがっているわ。
	4;500
@51
	17;1;5
	16;罪を認め、解放されたいのでしょう。
	4;500
	13;0
@81
	9;500
	13;1
@141
	15;-1;-1;-1
	4;1800
@0
	0
entry 200 (256)
@0
	23;0
	23;1
	25
@20
	0
@0
	0
entry 201 (256)
@0
	23;0
	23;1
	25
@20
	0
@0
	0
