entry 200 (256)
@0
	7;1
	23;0
	23;1
	25
@20
	0
@0
	0
entry 201 (256)
@0
	23;0
	23;1
	25
@20
	0
@0
	0
entry 0 (192)
@0
	24
	1;0;0
	1;1;0
	15;0;5;8
@50
	15;0;5;8
	16;お酒の飲み過ぎは体に毒よ。
	4;500
	13;0
@80
	9;500
	13;1
@140
	15;-1;-1;-1
	4;1800
	11
@0
	0
entry 10 (192)
@0
	24
	1;0;0
	1;1;0
	15;0;0;8
@50
	15;0;0;8
	16;見た目が変な茸は、大抵毒なんだから。
	16;面白いからって食べない方が良いよ。
	4;500
	13;0
@80
	9;500
	13;1
@140
	15;-1;-1;-1
	4;1800
	11
@0
	0
entry 20 (192)
@0
	24
	1;0;0
	1;1;0
	15;0;4;8
@50
	15;0;4;8
	16;珍しいからって余り得体の知れない植物を
	16;お茶にするのはどうかと思うわ。
	4;500
	13;0
@80
	9;500
	13;1
@140
	15;-1;-1;-1
	4;1800
	11
@0
	0
entry 30 (192)
@0
	24
	1;0;0
	1;1;0
	15;0;1;8
@50
	15;0;1;8
	16;幽霊に効く毒は、心に効く毒。
	4;500
	13;0
@80
	9;500
	13;1
@140
	15;-1;-1;-1
	4;1800
	11
@0
	0
entry 40 (192)
@0
	24
	1;0;0
	1;1;0
	15;0;1;8
@50
	15;0;1;8
	16;月の光は毒光線。
	16;よく考えた物ね。
	4;500
	13;0
@80
	9;500
	13;1
@140
	15;-1;-1;-1
	4;1800
	11
@0
	0
entry 50 (192)
@0
	24
	1;0;0
	1;1;0
	15;0;5;8
@50
	15;0;5;8
	16;お腹の冷やしすぎは体に毒よ。
	4;500
	13;0
@80
	9;500
	13;1
@140
	15;-1;-1;-1
	4;1800
	11
@0
	0
entry 60 (192)
@0
	24
	1;0;0
	1;1;0
	15;0;1;8
@50
	15;0;1;8
	16;心に毒となる曲もある。
	16;曲で精神に異常をきたす事もあるのよ。
	4;500
	13;0
@80
	9;500
	13;1
@140
	15;-1;-1;-1
	4;1800
	11
@0
	0
entry 70 (192)
@0
	24
	1;0;0
	1;1;0
	15;0;0;8
@50
	15;0;0;8
	16;羽は風を起こし、毒をまき散らしやすい上に、
	16;いったん毒が付着すると取れにくいのです。
	4;500
	13;0
@80
	9;500
	13;1
@140
	15;-1;-1;-1
	4;1800
	11
@0
	0
entry 80 (192)
@0
	24
	1;0;0
	1;1;0
	15;0;4;8
@50
	15;0;4;8
	16;毒で皮膚が爛れたら海水に浸ると良いわ。
	16;ちょいと染みるけど我慢我慢。
	4;500
	13;0
@80
	9;500
	13;1
@140
	15;-1;-1;-1
	4;1800
	11
@0
	0
entry 90 (192)
@0
	24
	1;0;0
	1;1;0
	15;0;1;8
@50
	15;0;1;8
	16;向日葵に毒があったら、これほど気持ちの悪い
	16;花もないわよね。
	4;500
	13;0
@80
	9;500
	13;1
@140
	15;-1;-1;-1
	4;1800
	11
@0
	0
entry 100 (192)
@0
	24
	1;0;0
	1;1;0
	15;0;1;8
@50
	15;0;1;8
	16;ああ、そんなに風を起こしちゃ駄目だって。
	4;500
	13;0
@80
	9;500
	13;1
@140
	15;-1;-1;-1
	4;1800
	11
@0
	0
entry 110 (256)
@0
	24
	1;0;0
	1;1;0
	15;0;1;8
@50
	15;0;1;8
	16;あら、毒が見せる幻覚かな？
	4;500
	13;0
@80
	9;500
	13;1
@140
	15;-1;-1;-1
	4;1800
	11
@0
	0
entry 120 (192)
@0
	24
	1;0;0
	1;1;0
	15;0;2;8
@50
	15;0;2;8
	16;毒で死んだ人間の霊は、綺麗な姿をしている
	16;って本当？
	4;500
	13;0
@80
	9;500
	13;1
@140
	15;-1;-1;-1
	4;1800
	11
@0
	0
entry 130 (192)
@0
	24
	1;0;0
	1;1;0
	15;0;1;8
@50
	15;0;1;8
	16;自ら毒を飲む自殺と、毒を飲ませての他殺だと
	16;どっちが罪が重いのかしら？
	4;500
	13;0
@80
	9;500
	13;1
@140
	15;-1;-1;-1
	4;1800
	11
@0
	0
entry 140 (192)
@0
	24
	1;0;0
	1;1;0
	15;0;1;8
@50
	15;0;1;8
	16;毒って行っても色々あるのよね。
	16;勿論、精神が高揚する毒もある。
	4;500
	13;0
@80
	9;500
	13;1
@140
	15;-1;-1;-1
	4;1800
	11
@0
	0
entry 150 (192)
@0
	24
	1;0;0
	1;1;0
	15;0;1;8
@50
	15;0;1;8
	16;自殺に追い込むような曲も、立派な毒よねぇ。
	4;500
	13;0
@80
	9;500
	13;1
@140
	15;-1;-1;-1
	4;1800
	11
@0
	0
entry 210 (128)
@0
	24
	1;0;0
	1;1;0
	15;0;4;8
@50
	15;0;4;8
	16;少量の毒なら薬とはよく言った物ね。
	4;500
	13;0
@80
	9;500
	13;1
@140
	15;-1;-1;-1
	4;1800
	11
@0
	0
entry 211 (256)
@0
	24
	1;0;0
	1;1;0
	15;0;0;8
@50
	15;0;0;8
	16;どうしたの？
	16;毒でも飲んだ？
	4;500
	13;0
@80
	9;500
	13;1
@140
	15;-1;-1;-1
	4;1800
	11
@0
	0
