entry 0 (256)
@0
	13;0
	7;1
@90
	13;1
	24
	1;0;0
	15;0;6;-1
	23;0
@140
	15;0;-1;-1
	16;どうなのかなぁ。
	16;少し毒が強すぎないかなぁ。
	4;500
	15;1;-2;-1
	16;ああ！　もう。
	4;500
	23;1
	13;0
@170
	1;1;0
	15;1;-2;3
	13;1
	8
	16;何よこの辺。
	16;ここは匂いがきつすぎるわよ！
	4;500
@171
	17;0;2
	16;あ、人間よ？　人間。
	16;スーさん、やっちまいな！
	4;500
@172
	17;1;4
	16;変なのもいるし。
	16;いいよ、ここは花の異変と関係ないって事で！
	7;2
	4;500
	5;0;5
	5;1;5
	13;0
	25
@202
	0
	13;1
@0
	0
entry 1 (256)
@0
	24
	1;0;0
	1;1;0
	15;0;1;8
@50
	15;0;1;8
	16;人間ってこんなに弱かったっけ？
	16;スーさんが強すぎるのよね。
	4;500
	13;0
@80
	9;500
	13;1
@140
	15;-1;-1;-1
	4;1800
@0
	0
entry 2 (256)
@0
	24
	1;0;0
	1;1;0
	15;1;8;6
@50
	15;1;8;6
	16;うう。ここは体に良くないわ。
	16;逃げなきゃ！
	4;500
	13;0
@80
	9;500
	13;1
@140
	15;-1;-1;-1
	4;1800
@0
	0
entry 10 (256)
@0
	13;0
	7;1
@90
	13;1
	24
	1;0;0
	15;0;2;-1
	23;0
@140
	15;0;-1;-1
	16;力が漲ってるわー。
	4;500
	15;1;-2;-1
	16;おお、
	4;500
	23;1
	13;0
@170
	1;1;0
	15;1;-2;6
	13;1
	8
	16;毒ガス事件の現場か？
	16;これはきつい。
	4;500
@171
	17;0;3
	16;毒の霧。
	16;瓦斯と霧じゃ大きく違う。
	4;500
@172
	17;1;4
	16;一緒だ一緒。
	16;吸うと痛い。
	7;3
	4;500
	5;0;5
	5;1;5
	13;0
	25
@202
	0
	13;1
@0
	0
entry 11 (256)
@0
	24
	1;0;0
	1;1;0
	15;0;1;8
@50
	15;0;1;8
	16;霧は液体で、瓦斯は気体。
	16;気は水に溶け、その力を吸収する。
	4;500
	13;0
@80
	9;500
	13;1
@140
	15;-1;-1;-1
	4;1800
@0
	0
entry 12 (256)
@0
	24
	1;0;0
	1;1;0
	15;1;8;3
@50
	15;1;8;3
	16;ああもう！　こんな所に居たら美声が
	16;台無しだぜ。　逃げなきゃ！
	4;500
	13;0
@80
	9;500
	13;1
@140
	15;-1;-1;-1
	4;1800
@0
	0
entry 20 (256)
@0
	13;0
	7;1
@90
	13;1
	24
	1;0;0
	15;0;2;-1
	23;0
@140
	15;0;-1;-1
	16;うーん。なんだかちょっと自信が出てきたよ？
	16;これもスーさんのお陰ね。
	4;500
	15;1;-2;-1
	16;わあ、凄いわね。
	4;500
	23;1
	13;0
@170
	1;1;0
	15;1;-2;0
	13;1
	8
	16;これだけの毒があれば、美味しいお茶が作れ
	16;そうね。
	4;500
@171
	17;0;4
	16;美味しいお茶。
	16;変わった人間ね。
	4;500
@172
	17;1;7
	16;あら、私が飲むんじゃないのよ。
	7;4
	4;500
	5;0;5
	5;1;5
	13;0
	25
@202
	0
	13;1
@0
	0
entry 21 (256)
@0
	24
	1;0;0
	1;1;0
	15;0;0;8
@50
	15;0;0;8
	16;そう。
	16;人を殺す為のお茶なのね。
	4;500
@51
	17;1;-1
	16;いや。
	16;毒のあるお茶の方が喜ぶ者も居るのです。
	4;500
@52
	17;0;2
	16;なんだか、そろそろこの地を離れても大丈夫な
	16;様な気がしてきました！　スーさん。
	4;500
@53
	17;1;-1
	16;引きこもり？
	4;500
	13;0
@83
	9;500
	13;1
@143
	15;-1;-1;-1
	4;1800
@0
	0
entry 22 (256)
@0
	24
	1;0;0
	1;1;0
	15;1;8;6
@50
	15;1;8;6
	16;明日のお茶は鈴蘭で決まりね。
	16;ってそろそろこの場を離れないと……
	4;500
	13;0
@80
	9;500
	13;1
@140
	15;-1;-1;-1
	4;1800
@0
	0
entry 40 (256)
@0
	13;0
	7;1
@90
	13;1
	24
	1;0;0
	15;0;0;-1
	23;0
@140
	15;0;-1;-1
	16;これだけスーさんの力があれば、他にも仲間を
	16;作れそうね。
	4;500
	15;1;-2;-1
	16;凄いわ。
	4;500
	23;1
	13;0
@170
	1;1;0
	15;1;-2;7
	13;1
	8
	16;これだけ毒のある花が揃っているなんて、
	16;師匠に教えなきゃ。
	4;500
@171
	17;0;3
	16;何を！
	16;ここの鈴蘭は私の物よ！
	4;500
@172
	17;1;6
	16;ああ、早くも毒が体に回る……。
	7;6
	4;500
	5;0;5
	5;1;5
	13;0
	25
@202
	0
	13;1
@0
	0
entry 41 (256)
@0
	24
	1;0;0
	1;1;0
	15;0;2;8
@50
	15;0;2;8
	16;これだけスーさんが長持ちする事なんて、
	16;あり得ないんだからね！
	4;500
	13;0
@80
	9;500
	13;1
@140
	15;-1;-1;-1
	4;1800
@0
	0
entry 42 (256)
@0
	24
	1;0;0
	1;1;0
	15;1;8;6
@50
	15;1;8;6
	16;早く師匠に教えないと……
	16;ああ、毒が強いわね。
	4;500
	13;0
@80
	9;500
	13;1
@140
	15;-1;-1;-1
	4;1800
@0
	0
entry 60 (256)
@0
	13;0
	7;1
@90
	13;1
	24
	1;0;0
	15;0;0;-1
	23;0
@140
	15;0;-1;-1
	16;今年のスーさんは、ちょっと気が早いわね？
	4;500
	15;1;-2;-1
	16;鈴蘭カットの頭を叩きゃ～、
	4;500
	23;1
	13;0
@170
	1;1;0
	15;1;-2;2
	13;1
	8
	16;文明開化の音がする～。
	4;500
@171
	17;0;4
	16;ほら、上を飛んでいるだけでおかしくなって
	16;しまう。
	4;500
@172
	17;1;1
	16;文明開化は開戦のつぼみ～。
	7;8
	4;500
	5;0;5
	5;1;5
	13;0
	25
@202
	0
	13;1
@0
	0
entry 61 (256)
@0
	24
	1;0;0
	1;1;0
	15;0;2;8
@50
	15;0;2;8
	16;凄いわ。
	16;これだけ毒が強ければ世界も征服出来るわよ。
	4;500
	13;0
@80
	9;500
	13;1
@140
	15;-1;-1;-1
	4;1800
@0
	0
entry 62 (256)
@0
	24
	1;0;0
	1;1;0
	15;1;8;6
@50
	15;1;8;6
	16;ああ、この辺は危険よ。
	16;早く逃げなきゃ。
	4;500
	13;0
@80
	9;500
	13;1
@140
	15;-1;-1;-1
	4;1800
@0
	0
entry 70 (256)
@0
	13;0
	7;1
@90
	13;1
	24
	1;0;0
	15;0;0;-1
	23;0
@140
	15;0;-1;-1
	16;スーさん。
	16;今年のスーさんはちょっと咲きすぎかしら？
	4;500
	15;1;-2;-1
	16;あははー
	4;500
	23;1
	13;0
@170
	1;1;0
	15;1;-2;2
	13;1
	8
	16;屋根まで飛んで壊れて消えたー♪
	4;500
@171
	17;0;4
	16;毒にやられたね？
	16;鳥は毒が羽に付きやすいから。
	4;500
@172
	17;1;2
	16;はらほろてぃあ～。
	7;9
	4;500
	5;0;5
	5;1;5
	13;0
	25
@202
	0
	13;1
@0
	0
entry 71 (256)
@0
	24
	1;0;0
	1;1;0
	15;0;0;8
@50
	15;0;0;8
	16;今年は飛ぶ鳥を落とす勢いで咲いている。
	16;スーさん少しやり過ぎね。
	4;500
	13;0
@80
	9;500
	13;1
@140
	15;-1;-1;-1
	4;1800
@0
	0
entry 72 (256)
@0
	24
	1;0;0
	1;1;0
	15;1;8;6
@50
	15;1;8;6
	16;逃げなきゃ。逃げなきゃ。
	4;500
	13;0
@80
	9;500
	13;1
@140
	15;-1;-1;-1
	4;1800
@0
	0
entry 80 (256)
@0
	13;0
	7;1
@90
	13;1
	24
	1;0;0
	15;0;0;-1
	23;0
@140
	15;0;-1;-1
	16;もしかしたら、私が季節を間違えているの
	16;かしら？
	4;500
	15;1;-2;-1
	16;鈴蘭の解毒屋～、鈴蘭の解毒屋～
	4;500
	23;1
	13;0
@170
	1;1;0
	15;1;-2;2
	13;1
	8
	16;鈴蘭の解毒は要らんかね。
	4;500
@171
	17;0;4
	16;またピンポイントな詐欺商売ね。
	4;500
@172
	17;0;1
	16;解毒剤なら自分に使いなさい自分に。
	4;500
@173
	17;1;4
	16;ああ、痺れるわ～。
	7;10
	4;500
	5;0;5
	5;1;5
	13;0
	25
@203
	0
	13;1
@0
	0
entry 81 (256)
@0
	24
	1;0;0
	1;1;0
	15;0;2;8
@50
	15;0;2;8
	16;ねぇスーさん。
	16;何で今年はそんなに強いのよ。
	4;500
	13;0
@80
	9;500
	13;1
@140
	15;-1;-1;-1
	4;1800
@0
	0
entry 82 (256)
@0
	24
	1;0;0
	1;1;0
	15;1;8;6
@50
	15;1;8;6
	16;ああ、解毒してもらわなきゃ。
	16;逃げなきゃ！
	4;500
	13;0
@80
	9;500
	13;1
@140
	15;-1;-1;-1
	4;1800
@0
	0
entry 90 (256)
@0
	13;0
	7;18
@90
	13;1
	24
	1;0;0
	15;0;7;-1
	23;0
@140
	15;0;-1;-1
	16;あれ？　ここも咲いているねぇ。
	4;500
@141
	17;0;0
	16;向日葵は気持ち悪いから余り好きじゃ
	16;ないんだけどね。
	4;500
	15;1;-2;-1
	7;-1
	16;ふーん。
	16;こんなに可愛いのにね。
	4;500
@142
	17;0;2
	16;私が？
	4;500
	23;1
	13;0
@172
	1;1;0
	15;1;-2;2
	13;1
	8
	16;向日葵が。
	16;むしろ向日葵の種が。
	4;500
@173
	17;0;0
	16;そう。さっきから見つけた奴はみんな
	16;毒で倒してきたんだけど、
	4;500
@174
	17;0;5
	16;貴方も倒される？
	4;500
@175
	17;1;0
	16;何で貴方に攻撃してくるか判る？
	4;500
@176
	17;1;5
	7;11
	28;1
	16;貴方は匂うから
	4;500
@177
	17;0;7
	16;え？
	16;な、何言ってるのよ！
	4;500
@178
	17;1;1
	16;そんなに毒の匂いをまき散らしては駄目よ。
	16;それは逃げたくもなるもの。
	4;500
@179
	17;0;0
	16;毒？
	16;ああ、毒。それは私の命だもの。
	4;500
@180
	17;0;1
	16;それは譲れないわ。
	4;500
@181
	17;1;0
	16;しっしっ
	4;500
@182
	17;0;6
	16;やっぱり攻撃を仕掛けてくるのね？
	4;500
@183
	17;1;4
	16;仕掛けて欲しいのね？
	16;仕様が無いわ。
	4;500
	5;0;5
	5;1;5
	5;2;5
	5;3;5
	13;0
	25
@213
	0
	13;1
@0
	0
entry 91 (256)
@0
	24
	1;0;0
	1;1;0
	15;0;2;8
@50
	15;0;2;8
	16;ふうすっきりした。
	4;500
@51
	17;0;2
	16;生き物を倒すのって気持ちが良いわ。
	4;500
@52
	17;1;8
	16;だから一人歩きした道具は危ないと……
	4;500
@53
	17;1;8
	16;花畑に物を捨てる愚かな人間は
	16;一体何を考えてるのかしら？
	4;500
	13;0
@83
	9;500
	13;1
@143
	15;-1;-1;-1
	4;1800
@0
	0
entry 92 (256)
@0
	24
	1;0;0
	1;1;0
	15;1;8;6
@50
	15;1;8;6
	16;だから一人歩きした道具は危ないと……
	4;500
	13;0
@80
	9;500
	13;1
@140
	15;-1;-1;-1
	4;1800
@0
	0
entry 120 (256)
@0
	13;0
	7;14
@90
	13;1
	24
	1;0;0
	15;0;7;-1
	23;0
@140
	15;0;-1;-1
	16;わー。
	4;500
@141
	17;0;7
	16;わーわー。
	4;500
@142
	17;0;2
	16;この辺も毒の花で一杯だー
	4;500
@143
	17;0;1
	16;たまには出歩いてみるもんね
	16;珍しくラッキーよ！
	4;500
	15;1;-2;-1
	16;捨てられた道具か……
	4;500
	23;1
	13;0
@173
	1;1;0
	15;1;-2;7
	13;1
	16;確かに人形のような道具は人の霊が宿りやすい
	4;500
@174
	17;1;7
	16;でも、そんなに自在に体を動かす人形となると
	16;見たこともないな。
	4;500
@175
	17;0;2
	16;うふふ。
	16;凄いでしょ？
	4;500
@176
	17;0;0
	16;私が自在に体を動かせるのも。
	16;自在に物を考えるのも。
	4;500
@177
	17;0;2
	16;毒のお陰なの。
	16;スーさんの毒の。
	4;500
@178
	17;1;5
	16;道具であるのならば、死神の出番ではない
	4;500
@179
	17;1;0
	16;ここは少し危険だから取り込まれる前に
	16;去った方が良い。
	4;500
@180
	17;0;3
	16;やだよ。
	4;500
@181
	17;0;5
	16;折角こんなに毒の花が咲いているところを
	16;見つけたんだから。
	4;500
@182
	17;1;5
	16;毒の花？
	4;500
@183
	17;1;7
	16;ってあれー？
	16;彼岸花が咲いているー？
	4;500
@184
	17;0;4
	16;って気が付いていなかったの？
	4;500
@185
	17;1;6
	16;う、うむ。これはちょっと不味い。
	4;500
@186
	17;0;5
	16;ここの毒をちょっと貰って行くから
	16;攻撃したければどうぞ。
	4;500
@187
	17;1;4
	16;あー。
	16;攻撃されたいみたいだな？
	4;500
@188
	17;1;0
	16;しょうがない。
	4;500
@189
	17;1;1
	16;力ずくで追い出してやるから
	16;追い出されたらすぐに帰れ！
	4;500
	5;0;5
	5;1;5
	5;2;5
	5;3;5
	13;0
	25
@219
	0
	13;1
@0
	0
entry 121 (256)
@0
	24
	1;0;0
	1;1;0
	15;0;1;8
@50
	15;0;1;8
	16;ああ、躰が毒で満たされていく。
	4;500
@51
	17;1;8
	16;変な人形だねぇ。
	16;頭まで毒に犯されているんじゃないの？
	4;500
@52
	17;0;2
	16;そりゃもう、満たされてるさー。
	16;ねえ、スーさん。
	4;500
	13;0
@82
	9;500
	13;1
@142
	15;-1;-1;-1
	4;1800
@0
	0
entry 122 (256)
@0
	24
	1;0;0
	1;1;0
	15;1;8;4
@50
	15;1;8;4
	16;人形相手に遊んでいると怒られそう……
	16;休憩もほどほどにしないと。
	4;500
	13;0
@80
	9;500
	13;1
@140
	15;-1;-1;-1
	4;1800
@0
	0
entry 130 (256)
@0
	13;0
	7;18
@90
	13;1
	24
	1;0;0
	15;0;0;-1
	23;0
@140
	15;0;-1;-1
	16;さー彼岸花の毒も満喫したしー
	4;500
@141
	17;0;1
	16;そろそろ帰ろうかなー
	16;って思っている筈なんだけど……
	4;500
@142
	17;0;6
	16;何だろう。毒じゃないけど、
	16;この紫色の桜には吸い寄せられる……
	4;500
	15;1;-2;-1
	16;危ないですよ？
	4;500
@143
	17;1;-1
	16;貴方は気が付いていないけど、
	16;その桜からは……
	4;500
	23;1
	13;0
@173
	1;1;0
	15;1;-2;0
	13;1
	16;無数の手が伸びて貴方を手招きしている。
	16;貴方を掴んでいます。
	4;500
@174
	17;0;7
	16;えええぇ。
	16;それは嫌だー
	4;500
@175
	17;1;0
	16;仕様が無いのです。
	16;貴方は人形という道具なのですから。
	4;500
@176
	17;1;1
	16;貴方がどう思おうと、使用者は一方的に
	16;愛情を込めたり憎しみを込めたりする。
	4;500
@177
	17;1;0
	16;時には名前を付けられ、時には形を変えられ、
	16;全て使用者の意志で道具は使われる。
	4;500
@178
	17;1;1
	16;そう、道具は、人間の思いを一方的に
	16;押しつけられるのです。
	4;500
@179
	17;0;5
	16;そうそう。
	16;良く判ってるじゃないの。
	4;500
@180
	17;1;6
	16;今の無縁塚は死んだことに気付いていない
	16;霊が多いのです。
	4;500
@181
	17;1;0
	16;だからこんな所に貴方のような道具が
	16;来てはいけない。
	4;500
@182
	17;1;6
	16;その不安定な意志に、貴方は取り込まれて
	16;しまいますよ？
	4;500
@183
	17;0;7
	16;いや、ならば戦うまで……
	4;500
@184
	17;0;2
	16;人形の地位向上を目指すなら
	16;人間と戦うまでよ！
	4;500
@185
	17;1;4
	16;貴方の頭にも毒が回ったかしら？
	4;500
@186
	17;1;0
	16;鈴蘭は心の毒、
	16;彼岸花の毒は鈴蘭とは違う躰の毒。
	4;500
@187
	17;1;5
	16;その両方を浴びれば、もう貴方は毒の塊と
	16;言っても良いでしょう。
	4;500
@188
	17;0;3
	16;いや、前々から思っていたの。
	4;500
@189
	17;0;3
	16;そろそろ人形解放に向けて
	16;立ち上がる時だと！
	4;500
@190
	17;1;4
	7;-1
	16;貴方は、毒の作用に気が付いていない。
	16;少し頭を冷やす必要がある。
	4;500
@191
	17;1;1
	16;人形が解放されたら、誰が人形を創る？
	4;500
@192
	17;1;1
	16;貴方以外の人形が、貴方の小さな心に
	16;付いてくると思っています？
	4;500
@193
	17;1;0
	7;15
	28;1
	16;そう、貴方は少し視野が狭すぎる。
	4;500
@194
	17;0;0
	16;……
	4;500
@195
	17;1;0
	16;小さな鈴蘭畑からどの位出たことが
	16;あったのかしら？
	4;500
@196
	17;1;0
	16;人間もそう。貴方みたいに小さな所に
	16;ずっと引きこもっていると……
	4;500
@197
	17;1;6
	16;他人が見えなくなる。
	16;自分の心だけが毒で攻撃的になる。
	4;500
@198
	17;1;0
	16;貴方は典型的な人間と同じ、
	16;小さな心の持ち主です。
	4;500
@199
	17;0;3
	16;そ、そんなこと無いわよ！
	16;確かに、鈴蘭畑を出たのは今日初めて……
	4;500
@200
	17;0;7
	16;って、何で私が鈴蘭畑で暮らしている
	16;ことを知っているの……
	4;500
@201
	17;1;1
	16;他人の協力を得られないと、三途の川を渡る
	16;事は出来ず、途中で川に落ちるでしょう。
	4;500
@202
	17;1;5
	16;他人の痛みが判らない魂に、協力してくれる
	16;魂など無い。
	4;500
@203
	17;1;2
	16;貴方は、たとえ人形解放を叫んだとしても、
	16;誰も助けてくれない事に絶望を抱くでしょう。
	4;500
@204
	17;1;1
	16;死んでも私の元に来ない人形だからこそ、
	16;今ここで貴方を裁く！
	4;500
	5;0;5
	5;1;5
	5;2;5
	5;3;5
	13;0
	25
@234
	0
	13;1
@0
	0
entry 131 (256)
@0
	4;500
	13;0
	9;0
	13;1
@1
	4;1800
	14
@300
	0
@0
	0
entry 132 (256)
@0
	24
	1;0;0
	1;1;0
	15;1;8;0
@50
	15;1;8;0
	16;ほら、貴方を掴む霊の手が、
	16;少しずつ増えていくわ。
	4;500
@51
	17;1;5
	16;心の貧しい者は、心の貧しい者同士で
	16;土に還り、忘れられていくのです。
	4;500
@52
	17;1;0
	16;でも案ずることはありません。
	16;人間は皆、小さな心しか持っていないのです。
	4;500
@53
	17;1;0
	16;貴方はそれだけ人間に近づいたのです。
	16;後は、豊かな心を養い、人間を超えるのです。
	4;500
	13;0
@83
	9;500
	13;1
@143
	15;-1;-1;-1
	4;1800
@0
	0
entry 200 (256)
@0
	23;0
	23;1
	25
@20
	0
@0
	0
entry 201 (256)
@0
	23;0
	23;1
	25
@20
	0
@0
	0
