entry 0 (256)
@0
	13;0
	7;14
@90
	13;1
	24
	1;0;0
	15;0;0;-1
	23;0
@140
	15;0;-1;-1
	16;さ、幻想郷の現状を色々と見てきたが、
	4;500
@141
	17;0;2
	16;まぁ何とかなるでしょ。
	4;500
@142
	17;0;0
	16;マイペース。
	16;マイペース。
	4;500
	15;1;-2;-1
	16;のんびりしてるわねぇ。
	4;500
	23;1
	13;0
@172
	1;1;0
	15;1;-2;4
	13;1
	16;幽霊の量は、全く減った感じが
	16;しないんだけどー。
	4;500
@173
	17;0;6
	16;おお？
	16;また自殺しようってのか。
	4;500
@174
	17;0;5
	16;何度も言うが、今自殺したって誰の気にも
	16;留めないよ。
	4;500
@175
	17;0;5
	16;思い直せ。
	4;500
@176
	17;1;6
	8
	16;誰が自殺するのよ。
	16;あんたは私に自殺して欲しいの？
	4;500
@177
	17;0;4
	16;しないならいいけど、仕事の邪魔を
	16;しないでくれよ。
	4;500
@178
	17;1;1
	16;仕事しているように見えないけどねぇ。
	4;500
@179
	17;1;0
	16;私は、あれから何時まで経っても花が
	16;元通りにならないから様子を見に来たの。
	4;500
@180
	17;1;4
	16;いい加減にしないと、また私がサボっている
	16;様に見られちゃうんだから。
	4;500
@181
	17;0;5
	16;それはお前さんが、サボタージュの泰斗
	16;だからな。そのツケだ。
	4;500
@182
	17;1;4
	16;どっちがサボタージュなのよ。
	16;魔理沙みたいな事を言わないの！
	4;500
	5;0;5
	5;1;5
	5;2;5
	5;3;5
	13;0
	25
@212
	0
	13;1
@0
	0
entry 1 (256)
@0
	24
	1;0;0
	1;1;0
	15;1;1;8
@50
	15;1;1;8
	16;って、またサボっているんだから！
	4;500
@51
	17;0;4
	16;おっと、流石に休みすぎたな。
	4;500
@52
	17;0;0
	16;まあいい。
	16;この休暇が、仕事の効率を上げるんだ。
	4;500
@53
	17;1;8
	16;サボる人の言い訳はみんな同じね。
	4;500
	13;0
@83
	9;500
	13;1
@143
	15;-1;-1;-1
	4;1800
@0
	0
entry 2 (256)
@0
	24
	1;0;0
	1;1;0
	15;1;8;3
@50
	15;1;8;3
	16;遊んでいないで、幽霊を彼岸に送りなさい！
	4;500
	13;0
@80
	9;500
	13;1
@140
	15;-1;-1;-1
	4;1800
@0
	0
entry 10 (256)
@0
	13;0
	7;1
@90
	13;1
	24
	1;0;0
	15;0;7;-1
	23;0
@140
	15;0;-1;-1
	16;竹の花も、もうすぐ見られなくなるんだ。
	16;今のうちに見ておこう。
	4;500
	15;1;-2;-1
	16;あれ？
	4;500
	23;1
	13;0
@170
	1;1;0
	15;1;-2;5
	13;1
	8
	16;サボタージュの泰斗じゃないか。
	16;どうした？　今日は。
	4;500
@171
	17;0;4
	16;誰がそんな呼び名を付けたのよ。
	4;500
@172
	17;1;5
	16;私だ私。
	16;今付けたよ。
	7;3
	4;500
	5;0;5
	5;1;5
	13;0
	25
@202
	0
	13;1
@0
	0
entry 11 (256)
@0
	24
	1;0;0
	1;1;0
	15;0;1;8
@50
	15;0;1;8
	16;ま、どんな巫山戯ていようとも、自らの
	16;気を鬱がないだけましだ。
	4;500
@51
	17;0;0
	16;気を鬱げば、視野も塞がれる。
	16;それは、妬み、虚栄心を生み、
	4;500
@52
	17;0;0
	16;さらにそれすらも正当化する、
	16;心の狭い人間になるだろう。
	4;500
@53
	17;0;6
	16;気の鬱いだ人間は、いつの間にか
	16;孤立している事になるのだ。
	4;500
@54
	17;0;4
	16;孤立を正当化するようになり、陰口を叩く様に
	16;なったらもう手に負えない。私は見捨てるよ。
	4;500
@55
	17;1;8
	16;説教は別に良いけどさー、
	16;そんなに長時間サボっていて良いのか？
	4;500
@56
	17;0;7
	16;おおっと。
	16;四季様の説教癖がうつってしまった。
	4;500
	13;0
@86
	9;500
	13;1
@146
	15;-1;-1;-1
	4;1800
@0
	0
entry 12 (256)
@0
	24
	1;0;0
	1;1;0
	15;1;8;1
@50
	15;1;8;1
	16;いいな。
	16;死神って仕事楽そうで。
	4;500
	13;0
@80
	9;500
	13;1
@140
	15;-1;-1;-1
	4;1800
@0
	0
entry 20 (256)
@0
	13;0
	7;1
@90
	13;1
	24
	1;0;0
	15;0;4;-1
	23;0
@140
	15;0;-1;-1
	16;この辺ももうすぐ元に戻るはず……
	16;って、結構多いな。幽霊。
	4;500
	15;1;-2;-1
	16;あー、
	4;500
	23;1
	13;0
@170
	1;1;0
	15;1;-2;0
	13;1
	8
	16;また仕事をさぼってからに。
	16;貴方がさぼっていたら幽霊は減らないでしょ？
	4;500
@171
	17;0;0
	16;あ、自殺せずに頑張っているね？
	4;500
@172
	17;1;1
	16;しませんよ。
	16;そんな勿体ないこと。
	7;4
	4;500
	5;0;5
	5;1;5
	13;0
	25
@202
	0
	13;1
@0
	0
entry 21 (256)
@0
	24
	1;0;0
	1;1;0
	15;0;0;8
@50
	15;0;0;8
	16;あまりにも多すぎる仕事量を見ると、
	16;少し嫌になるな。
	4;500
	13;0
@80
	9;500
	13;1
@140
	15;-1;-1;-1
	4;1800
@0
	0
entry 22 (256)
@0
	24
	1;0;0
	1;1;0
	15;1;8;2
@50
	15;1;8;2
	16;こんな所で油を売っていて良いのかしら？
	4;500
	13;0
@80
	9;500
	13;1
@140
	15;-1;-1;-1
	4;1800
@0
	0
entry 30 (256)
@0
	13;0
	7;5
@90
	13;1
	24
	1;0;0
	15;0;0;-1
	23;0
@140
	15;0;-1;-1
	16;あの世は普通か……
	4;500
	15;1;-2;-1
	16;あれ？
	4;500
	23;1
	13;0
@170
	1;1;0
	15;1;-2;0
	13;1
	8
	16;この間、あの世が大変になる、とか言っていま
	16;したが、まだ全然ですよ？
	4;500
@171
	17;0;4
	16;いや、あたいは頑張っている。
	16;頑張っているんだ。
	4;500
@172
	17;1;2
	16;あの世が忙しくない分にはいいんですけどね。
	4;500
	5;0;5
	5;1;5
	5;2;5
	5;3;5
	13;0
	25
@202
	0
	13;1
@0
	0
entry 31 (256)
@0
	24
	1;0;0
	1;1;0
	15;0;7;8
@50
	15;0;7;8
	16;いかん。
	16;こんな所で油を売っている場合ではない。
	4;500
	13;0
@80
	9;500
	13;1
@140
	15;-1;-1;-1
	4;1800
@0
	0
entry 32 (256)
@0
	24
	1;0;0
	1;1;0
	15;1;8;4
@50
	15;1;8;4
	16;って、何で攻撃するのよー。
	16;そんなに暇なのかしら？
	4;500
	13;0
@80
	9;500
	13;1
@140
	15;-1;-1;-1
	4;1800
@0
	0
entry 40 (256)
@0
	13;0
	7;1
@90
	13;1
	24
	1;0;0
	15;0;0;-1
	23;0
@140
	15;0;-1;-1
	16;自殺する愚か者はいねーかねー
	4;500
	15;1;-2;-1
	16;って
	4;500
	23;1
	13;0
@170
	1;1;0
	15;1;-2;4
	13;1
	8
	16;貴方はなまはげですか。
	4;500
@171
	17;0;1
	16;ちょっと様子を見に来ただけよ。
	4;500
@172
	17;1;5
	16;そう言って、仕事をサボっているのが
	16;バレバレよ。
	7;6
	4;500
	5;0;5
	5;1;5
	13;0
	25
@202
	0
	13;1
@0
	0
entry 41 (256)
@0
	24
	1;0;0
	1;1;0
	15;0;4;8
@50
	15;0;4;8
	16;少しくらい休憩しないと保たないじゃないか。
	16;死者の魂ばっか相手にしていると。
	4;500
	13;0
@80
	9;500
	13;1
@140
	15;-1;-1;-1
	4;1800
@0
	0
entry 42 (256)
@0
	24
	1;0;0
	1;1;0
	15;1;8;0
@50
	15;1;8;0
	16;自殺なんてしませんから、さっさと戻って
	16;自分の仕事をしてください。
	4;500
	13;0
@80
	9;500
	13;1
@140
	15;-1;-1;-1
	4;1800
@0
	0
entry 50 (256)
@0
	13;0
	7;1
@90
	13;1
	24
	1;0;0
	15;0;0;-1
	23;0
@140
	15;0;-1;-1
	16;この辺は変化は無いな。
	4;500
	15;1;-2;-1
	16;あ、誰か来た！
	4;500
	23;1
	13;0
@170
	1;1;0
	15;1;-2;5
	13;1
	8
	16;見かけない奴ね。
	16;この辺で墜落していく？
	4;500
@171
	17;0;4
	16;そんなに暇はないんだけど……
	16;売られた喧嘩はこの世の華。
	4;500
@172
	17;1;2
	16;お、やるかい？
	7;7
	4;500
	5;0;5
	5;1;5
	13;0
	25
@202
	0
	13;1
@0
	0
entry 51 (256)
@0
	24
	1;0;0
	1;1;0
	15;0;0;8
@50
	15;0;0;8
	16;さてと、
	16;次の場所を見に行こう。
	4;500
	13;0
@80
	9;500
	13;1
@140
	15;-1;-1;-1
	4;1800
@0
	0
entry 52 (256)
@0
	24
	1;0;0
	1;1;0
	15;1;8;2
@50
	15;1;8;2
	16;弱いね。
	16;まだ喧嘩のうちにも入らないよ。
	4;500
	13;0
@80
	9;500
	13;1
@140
	15;-1;-1;-1
	4;1800
@0
	0
entry 80 (256)
@0
	13;0
	7;1
@90
	13;1
	24
	1;0;0
	15;0;0;-1
	23;0
@140
	15;0;-1;-1
	16;あら、いつぞやの毒兎。
	16;自殺の念は失せたか？
	4;500
	15;1;-2;-1
	16;だーかーらー
	4;500
	23;1
	13;0
@170
	1;1;0
	15;1;-2;5
	13;1
	8
	16;最初から自殺するなんて言ってないでしょ？
	4;500
@171
	17;0;2
	16;竹の花ももうすぐ散る。
	16;まぁ、気長に待ってくれ。
	4;500
@172
	17;1;4
	16;もうすぐじゃないの？
	7;10
	4;500
	5;0;5
	5;1;5
	13;0
	25
@202
	0
	13;1
@0
	0
entry 81 (256)
@0
	24
	1;0;0
	1;1;0
	15;0;2;8
@50
	15;0;2;8
	16;花が元に戻れば、自殺したがる者も減るだろう
	4;500
	13;0
@80
	9;500
	13;1
@140
	15;-1;-1;-1
	4;1800
@0
	0
entry 82 (256)
@0
	24
	1;0;0
	1;1;0
	15;1;8;4
@50
	15;1;8;4
	16;貴方が仕事をさぼっていたら、花は元通りに
	16;ならないんじゃないの？
	4;500
	13;0
@80
	9;500
	13;1
@140
	15;-1;-1;-1
	4;1800
@0
	0
entry 90 (256)
@0
	13;0
	7;18
@90
	13;1
	24
	1;0;0
	15;0;4;-1
	23;0
@140
	15;0;-1;-1
	16;って、ここは幽霊も花も全然改善
	16;されてない……
	4;500
@141
	17;0;0
	16;ま、少しづつ改善されるはず。
	4;500
@142
	17;0;1
	16;マイペース。
	16;マイペース。
	4;500
	15;1;-2;-1
	7;-1
	16;あら、
	4;500
@143
	17;1;-1
	16;まだサボっているのね。
	4;500
	23;1
	13;0
@173
	1;1;0
	15;1;-2;6
	13;1
	16;こんな所にいたって、三途の川は遠いわよ？
	7;11
	28;1
	8
	4;500
@174
	17;0;4
	16;よ、様子を見に来ただけだ。
	16;幽霊と花の様子を。
	4;500
@175
	17;1;1
	16;様子を見ても仕事が進むわけではないでしょ？
	4;500
@176
	17;0;0
	16;いや、仕事は慎重な方が良いんだ。
	4;500
@177
	17;1;6
	16;だから、夏までには向日葵に憑いた霊も彼岸に
	16;帰さないと、向日葵も疲れちゃうでしょう？
	4;500
@178
	17;0;4
	16;大丈夫。
	16;夏までにはきっと終わるよ。
	4;500
@179
	17;1;0
	16;なんだか、貴方を見ていると誰かとイメージが
	16;被るのよね。
	4;500
@180
	17;1;0
	16;その、暢気さと仕事にいい加減な所が。
	4;500
@181
	17;0;3
	16;誰が巫女なんだよ！
	4;500
@182
	17;1;4
	16;ああ、そうね。
	16;巫女と被るのよね。
	4;500
	5;0;5
	5;1;5
	5;2;5
	5;3;5
	13;0
	25
@212
	0
	13;1
@0
	0
entry 91 (256)
@0
	24
	1;0;0
	1;1;0
	15;0;2;8
@50
	15;0;2;8
	16;ここの向日葵に憑いた霊は陽気な霊ばかり
	16;だから、近いうちに死んだことに気付く。
	4;500
@51
	17;1;8
	16;あら、そう言うものなの？
	16;陽気な方が死に気付きにくいかと思ったわ。
	4;500
@52
	17;0;0
	16;気が鬱いでない者は、視野が広いんだ。
	16;だから順応性も高い。
	4;500
@53
	17;0;5
	16;あ、俺死んでたんだ、あははー。
	16;って感じで死を受け入れるよ。
	4;500
@54
	17;1;8
	16;それは陽気っていうか、頭悪そうね。
	4;500
	13;0
@84
	9;500
	13;1
@144
	15;-1;-1;-1
	4;1800
@0
	0
entry 92 (256)
@0
	24
	1;0;0
	1;1;0
	15;1;8;2
@50
	15;1;8;2
	16;向日葵だって、咲きすぎると疲れちゃう
	16;じゃないの。
	4;500
	13;0
@80
	9;500
	13;1
@140
	15;-1;-1;-1
	4;1800
@0
	0
entry 130 (256)
@0
	13;0
	7;18
@90
	13;1
	24
	1;0;0
	15;0;0;-1
	23;0
@140
	15;0;-1;-1
	16;ふう。
	4;500
@141
	17;0;0
	16;今日は良く働いたな。
	4;500
@142
	17;0;0
	16;これだけ働けば、徐々に幽霊も減って、
	16;花も正常に戻るだろう。
	4;500
	15;1;-2;-1
	16;どこが良く働いた、なのよ。
	4;500
@143
	17;0;7
	16;きゃん！
	4;500
	23;1
	13;0
@173
	1;1;0
	15;1;-2;3
	13;1
	8
	16;さっきから全然川を渡って来ない
	16;じゃないの。
	4;500
@174
	17;0;4
	16;あ、あー、いや。
	16;さっき送ろうとした霊が、
	4;500
@175
	17;1;0
	16;霊が？
	4;500
@176
	17;0;6
	16;霊がー、そう生前引きこもりで妬みだらけの
	16;気質だったので、
	4;500
@177
	17;0;6
	16;川を渡りきる前に消滅しちゃったのです。
	4;500
@178
	17;1;3
	16;いい加減な言い訳を言わないの。
	4;500
@179
	17;1;3
	16;他の仲間の元には着々と霊が送られてくるのに
	16;私の所だけ来ないんだから。
	4;500
@180
	17;1;3
	16;暇だったんで花占いしちゃったわよ。
	16;来る、来ない、来る、……
	4;500
@181
	17;0;4
	16;来ましたか？
	4;500
@182
	17;1;0
	7;-1
	16;来るわけ無いじゃない。
	16;貴方がサボってるんだから。
	4;500
@183
	17;1;3
	16;いい？
	4;500
@184
	17;1;3
	16;私達は生前の罪を裁く者。
	4;500
@185
	17;1;0
	16;罪を裁く者は、常に公明正大に身を正して
	16;いなければいけない。
	4;500
@186
	17;1;0
	7;15
	28;1
	16;そう、貴方は言い訳を付きすぎる。
	4;500
@187
	17;0;4
	16;すみません！すみません！
	4;500
@188
	17;1;1
	16;このままでは、貴方を首にしないと示しが
	16;付かない。
	4;500
@189
	17;1;0
	16;貴方を放っておく事自体が、私の公明正大を
	16;傷つける。
	4;500
@190
	17;0;4
	16;すみません！
	16;もうしません。真面目に働きますから～！
	4;500
@191
	17;1;0
	16;一度、私の裁きを受けてみる？
	4;500
@192
	17;1;2
	16;そうすれば、少しは身を正すでしょう。
	16;貴方も裁きの恐怖を感じられるでしょう。
	4;500
	5;0;5
	5;1;5
	5;2;5
	5;3;5
	13;0
	25
@222
	0
	13;1
@0
	0
entry 131 (256)
@0
	4;500
	13;0
	9;0
	13;1
@1
	4;1800
	14
@300
	0
@0
	0
entry 132 (256)
@0
	24
	1;0;0
	1;1;0
	15;1;8;0
@50
	15;1;8;0
	16;さ、さっさと働くの。
	16;今がかき入れ時じゃないの。
	4;500
	13;0
@80
	9;500
	13;1
@140
	15;-1;-1;-1
	4;1800
@0
	0
entry 200 (256)
@0
	23;0
	23;1
	25
@20
	0
@0
	0
entry 201 (256)
@0
	23;0
	23;1
	25
@20
	0
@0
	0
