entry 200 (256)
@0
	7;1
	23;0
	23;1
	25
@20
	0
@0
	0
entry 201 (256)
@0
	23;0
	23;1
	25
@20
	0
@0
	0
entry 0 (192)
@0
	24
	1;0;0
	1;1;0
	15;0;2;2
@50
	15;0;2;2
	16;私の演奏を聴けば、巫女だってほら。
	16;こんなにウキウキ！
	4;500
	13;0
@80
	9;500
	13;1
@140
	15;-1;-1;-1
	4;1800
	11
@0
	0
entry 10 (192)
@0
	24
	1;0;0
	1;1;0
	15;0;2;2
@50
	15;0;2;2
	16;トランペットから出るのはレーザーじゃ無くて
	16;ハッピーサウンドよ。
	4;500
	13;0
@80
	9;500
	13;1
@140
	15;-1;-1;-1
	4;1800
	11
@0
	0
entry 20 (192)
@0
	24
	1;0;0
	1;1;0
	15;0;5;2
@50
	15;0;5;2
	16;さあ、陰湿なメイド人もどんどんと幸せになる
	16;といいわ～。
	4;500
	13;0
@80
	9;500
	13;1
@140
	15;-1;-1;-1
	4;1800
	11
@0
	0
entry 30 (192)
@0
	24
	1;0;0
	1;1;0
	15;0;1;2
@50
	15;0;1;2
	16;私のソロ演奏なら、あの真面目な半幽霊だって
	16;ほら、この通り！
	4;500
	13;0
@80
	9;500
	13;1
@140
	15;-1;-1;-1
	4;1800
	11
@0
	0
entry 40 (192)
@0
	24
	1;0;0
	1;1;0
	15;0;5;2
@50
	15;0;5;2
	16;さあ、そのハイテンションで餅つきでも
	16;始めちゃいましょう！
	4;500
	13;0
@80
	9;500
	13;1
@140
	15;-1;-1;-1
	4;1800
	11
@0
	0
entry 50 (192)
@0
	24
	1;0;0
	1;1;0
	15;0;4;2
@50
	15;0;4;2
	16;いつも陽気な妖精だってほら！
	16;って、いつも陽気じゃ変わらないわね。
	4;500
	13;0
@80
	9;500
	13;1
@140
	15;-1;-1;-1
	4;1800
	11
@0
	0
entry 60 (256)
@0
	24
	1;0;0
	1;1;0
	15;0;5;8
@50
	15;0;5;8
	16;どう？　リリカの幻想の音じゃ。
	16;私の躁の音に敵うはずが無いでしょう？
	4;500
	13;0
@80
	9;500
	13;1
@140
	15;-1;-1;-1
	4;1800
	11
@0
	0
entry 70 (192)
@0
	24
	1;0;0
	1;1;0
	15;0;2;2
@50
	15;0;2;2
	16;さあ！　じゃんじゃん歌っちゃってー！
	4;500
	13;0
@80
	9;500
	13;1
@140
	15;-1;-1;-1
	4;1800
	11
@0
	0
entry 80 (192)
@0
	24
	1;0;0
	1;1;0
	15;0;2;2
@50
	15;0;2;2
	16;さあさあ兎のダンス、踊っちゃいましょう！
	4;500
	13;0
@80
	9;500
	13;1
@140
	15;-1;-1;-1
	4;1800
	11
@0
	0
entry 90 (192)
@0
	24
	1;0;0
	1;1;0
	15;0;1;2
@50
	15;0;1;2
	16;向日葵は陽気に咲かないとね！
	16;向日葵効果でもっともっと明るくなるわー。
	4;500
	13;0
@80
	9;500
	13;1
@140
	15;-1;-1;-1
	4;1800
	11
@0
	0
entry 100 (192)
@0
	24
	1;0;0
	1;1;0
	15;0;2;2
@50
	15;0;2;2
	16;新聞なんて、空中からばらまいてしまいま
	16;しょう！　配るのが楽よー。
	4;500
	13;0
@80
	9;500
	13;1
@140
	15;-1;-1;-1
	4;1800
	11
@0
	0
entry 110 (192)
@0
	24
	1;0;0
	1;1;0
	15;0;5;2
@50
	15;0;5;2
	16;ハッピーになる毒だってあるのよね！
	16;さあさあどんどん使っちゃって。
	4;500
	13;0
@80
	9;500
	13;1
@140
	15;-1;-1;-1
	4;1800
	11
@0
	0
entry 120 (192)
@0
	24
	1;0;0
	1;1;0
	15;0;1;2
@50
	15;0;1;2
	16;じゃんじゃん河を渡させましょ！
	16;船頭の陽気な歌も付けましょ！
	4;500
	13;0
@80
	9;500
	13;1
@140
	15;-1;-1;-1
	4;1800
	11
@0
	0
entry 130 (256)
@0
	24
	1;0;0
	1;1;0
	15;0;6;2
@50
	15;0;6;2
	16;いいじゃない。少しくらい恩赦があっても！
	16;今年はこんなに花が咲いているのよ。
	4;500
	13;0
@80
	9;500
	13;1
@140
	15;-1;-1;-1
	4;1800
	11
@0
	0
entry 140 (256)
@0
	24
	1;0;0
	1;1;0
	15;0;7;8
@50
	15;0;7;8
	16;二人には悪いけど、やっぱり私の音が一番よね
	4;500
	13;0
@80
	9;500
	13;1
@140
	15;-1;-1;-1
	4;1800
	11
@0
	0
entry 150 (256)
@0
	24
	1;0;0
	1;1;0
	15;0;1;8
@50
	15;0;1;8
	16;ほら、そんな憂鬱な曲じゃ駄目よ！
	16;今は私が一番ね。
	4;500
	13;0
@80
	9;500
	13;1
@140
	15;-1;-1;-1
	4;1800
	11
@0
	0
entry 210 (128)
@0
	24
	1;0;0
	1;1;0
	15;0;2;2
@50
	15;0;2;2
	16;さあ、私の演奏を聴いてハッピーになろう！
	4;500
	13;0
@80
	9;500
	13;1
@140
	15;-1;-1;-1
	4;1800
	11
@0
	0
entry 211 (256)
@0
	24
	1;0;0
	1;1;0
	15;0;2;2
@50
	15;0;2;2
	16;どんな時も、ハッピーの魂を忘れちゃいけ
	16;ないわ！
	4;500
	13;0
@80
	9;500
	13;1
@140
	15;-1;-1;-1
	4;1800
	11
@0
	0
