entry 200 (256)
@0
	7;1
	23;0
	23;1
	25
@20
	0
@0
	0
entry 201 (256)
@0
	23;0
	23;1
	25
@20
	0
@0
	0
entry 0 (192)
@0
	24
	1;0;0
	1;1;0
	15;0;1;6
@50
	15;0;1;6
	16;巫女なのに少しはしゃぎすぎね。
	16;冷静に異変を見て。
	4;500
	13;0
@80
	9;500
	13;1
@140
	15;-1;-1;-1
	4;1800
	11
@0
	0
entry 10 (192)
@0
	24
	1;0;0
	1;1;0
	15;0;6;6
@50
	15;0;6;6
	16;貴方みたいな爆弾が浮かれた行動を取ると
	16;怖いわね。
	4;500
	13;0
@80
	9;500
	13;1
@140
	15;-1;-1;-1
	4;1800
	11
@0
	0
entry 20 (192)
@0
	24
	1;0;0
	1;1;0
	15;0;2;6
@50
	15;0;2;6
	16;さあ、貴方の今の境遇を思い出して。
	16;悪魔に閉じこめられている境遇を。
	4;500
	13;0
@80
	9;500
	13;1
@140
	15;-1;-1;-1
	4;1800
	11
@0
	0
entry 30 (192)
@0
	24
	1;0;0
	1;1;0
	15;0;1;6
@50
	15;0;1;6
	16;冷静になって……
	16;貴方の今の境遇を考えて。
	4;500
	13;0
@80
	9;500
	13;1
@140
	15;-1;-1;-1
	4;1800
	11
@0
	0
entry 40 (192)
@0
	24
	1;0;0
	1;1;0
	15;0;5;6
@50
	15;0;5;6
	16;花が咲く程度、なんてこと無いわ。
	16;今の貴方の悲しい境遇を見ると。
	4;500
	13;0
@80
	9;500
	13;1
@140
	15;-1;-1;-1
	4;1800
	11
@0
	0
entry 50 (192)
@0
	24
	1;0;0
	1;1;0
	15;0;1;6
@50
	15;0;1;6
	16;もっと冷静になって。
	16;貴方は馬鹿にされているの。
	4;500
	13;0
@80
	9;500
	13;1
@140
	15;-1;-1;-1
	4;1800
	11
@0
	0
entry 60 (256)
@0
	24
	1;0;0
	1;1;0
	15;0;7;8
@50
	15;0;7;8
	16;音が死んでいるわ。
	16;もっと現実に無い音を探すの。
	4;500
	13;0
@80
	9;500
	13;1
@140
	15;-1;-1;-1
	4;1800
	11
@0
	0
entry 70 (192)
@0
	24
	1;0;0
	1;1;0
	15;0;4;6
@50
	15;0;4;6
	16;歌も選んで歌いましょう。
	16;変な歌ばかりですよ？
	4;500
	13;0
@80
	9;500
	13;1
@140
	15;-1;-1;-1
	4;1800
	11
@0
	0
entry 80 (192)
@0
	24
	1;0;0
	1;1;0
	15;0;1;6
@50
	15;0;1;6
	16;もっと落ち着いて歩きなさい。
	4;500
	13;0
@80
	9;500
	13;1
@140
	15;-1;-1;-1
	4;1800
	11
@0
	0
entry 90 (192)
@0
	24
	1;0;0
	1;1;0
	15;0;2;6
@50
	15;0;2;6
	16;向日葵が太陽を向いているのは、羨望と妬み。
	16;決して陽気な花とは言えない。
	4;500
	13;0
@80
	9;500
	13;1
@140
	15;-1;-1;-1
	4;1800
	11
@0
	0
entry 100 (192)
@0
	24
	1;0;0
	1;1;0
	15;0;2;6
@50
	15;0;2;6
	16;自伝でも書いて少し思い直してみたら？
	16;って、何冊になるのかしら。
	4;500
	13;0
@80
	9;500
	13;1
@140
	15;-1;-1;-1
	4;1800
	11
@0
	0
entry 110 (192)
@0
	24
	1;0;0
	1;1;0
	15;0;0;6
@50
	15;0;0;6
	16;貴方は悲しい境遇の生まれなの。
	16;浮かれてる場合じゃないわ。
	4;500
	13;0
@80
	9;500
	13;1
@140
	15;-1;-1;-1
	4;1800
	11
@0
	0
entry 120 (192)
@0
	24
	1;0;0
	1;1;0
	15;0;1;6
@50
	15;0;1;6
	16;貴方の周りは常に葬式ムードでないと、死んだ
	16;感じがしないと思う。
	4;500
	13;0
@80
	9;500
	13;1
@140
	15;-1;-1;-1
	4;1800
	11
@0
	0
entry 130 (192)
@0
	24
	1;0;0
	1;1;0
	15;0;1;6
@50
	15;0;1;6
	16;地獄の裁判は騒々しいのかしら。
	16;幽霊の反抗心を奪ってから裁くのかしら？
	4;500
	13;0
@80
	9;500
	13;1
@140
	15;-1;-1;-1
	4;1800
	11
@0
	0
entry 140 (256)
@0
	24
	1;0;0
	1;1;0
	15;0;1;8
@50
	15;0;1;8
	16;音が抜けてしまっているわ。
	16;地に足をつける練習もしなさい。
	4;500
	13;0
@80
	9;500
	13;1
@140
	15;-1;-1;-1
	4;1800
	11
@0
	0
entry 150 (256)
@0
	24
	1;0;0
	1;1;0
	15;0;6;8
@50
	15;0;6;8
	16;あら、ちょっと音が外れてる……。
	4;500
	13;0
@80
	9;500
	13;1
@140
	15;-1;-1;-1
	4;1800
	11
@0
	0
entry 210 (128)
@0
	24
	1;0;0
	1;1;0
	15;0;1;6
@50
	15;0;1;6
	16;そう。
	16;少しはしゃぎすぎだから落ち着いて。
	4;500
	13;0
@80
	9;500
	13;1
@140
	15;-1;-1;-1
	4;1800
	11
@0
	0
entry 211 (256)
@0
	24
	1;0;0
	1;1;0
	15;0;1;6
@50
	15;0;1;6
	16;もっと落ち着いて行動しないと、解決する物も
	16;解決しない。
	4;500
	13;0
@80
	9;500
	13;1
@140
	15;-1;-1;-1
	4;1800
	11
@0
	0
