entry 0
@0
	1;0;1
	1;1;1
	15;0;2;2;-1;-1
@60
	15;0;2;2;-1;-1
	16;むしろ何も起きない事が不気味だ。
	16;不条理だな。
@61
	4;400
	15;2;2;2;-1;-1
	16;本当の恐怖は、約束された恐怖の
	16;向こうにある。
@62
	4;400
	15;2;2;2;-1;-1
	16;居るはずのお化け役が消えたお化け屋敷程、
	16;怖い物は無いのよ。
@63
	4;400
	13;0
	6
@123
	1;2;2
	13;1
	17;2;5
	16;鳴く夜雀も黙る丑三つ時の竹林。
	16;こんな時間にほっつき歩く人間が居るなんて。
	4;500
@124
	17;0;2
	16;何者だ？
	4;500
@125
	17;1;8
	16;魔理沙、こいつは……。
	4;500
@126
	17;2;2
	16;私は昔からここに住む人間。
	16;別に取って喰ったりしないよ。
	8;2;0;永琳
	4;500
@127
	17;0;8
	16;人間だと？
	16;そうは見えないがな。
	4;500
@128
	17;1;8
	16;魔理沙、この人は確かに人間みたいだけど。
	16;気をつけて。
	4;500
@129
	17;2;2
	16;で、こんな時間にここに来た目的は何？
	4;500
@130
	17;0;2
	16;筍狩り。
	4;500
@131
	17;1;2
	16;肝試し。
	4;500
@132
	17;2;7
	16;どっち？
	4;500
@133
	17;0;2
	16;判れよ……。
	4;500
@134
	17;2;5
	16;満月の下、人間と妖怪の二人で肝試し。
	4;500
@135
	17;2;2
	16;人間は勇気があるというか、馬鹿というか。
	4;500
@136
	17;2;3
	16;そこな人間の肝は、さぞ硬くて歯ごたえが
	16;あるんでしょうね。
	4;500
@137
	17;0;7
	16;あんた本当に人間か？
	4;500
@138
	17;0;8
	16;これほど肝好きの人間見たこと無いぜ。
	16;しかも生きているし。
	4;500
@139
	17;1;2
	16;魔理沙には生きている様に見える？
	4;500
@140
	17;1;2
	16;私には死んでいる様に見える。
	16;いや、生きていない様に見える、かな？
	4;500
@141
	17;2;6
	16;もう、人を幽霊みたいに扱ってぇ。
	4;500
@142
	17;2;5
	16;でも、殆ど正解だわ。
	16;なかなかの幻視力ね。
	4;500
@143
	17;0;2
	16;肝好きってところか？
	4;500
@144
	17;2;2
	16;実はね。
	4;500
@145
	17;2;2
	16;私には死が無いの。
	4;500
@146
	17;2;2
	16;死なないって事は、生きてもいない。
	4;500
@147
	17;2;2
	16;死と生という余計な状態が無くなり、
	16;純粋な人間に近い人間。
	4;500
@148
	17;2;3
	16;ある意味幽霊みたいなものかもね。
	4;500
@149
	17;1;9
	16;死なないですって！
	16;煮ても焼いても。
	4;500
@150
	17;0;7
	16;蒸しても揚げてもなんて言ったか？
	4;500
@151
	17;1;8
	16;人間が不老不死になったって事は……。
	4;500
@152
	17;1;4
	16;例の伝説の薬が存在するって事よ。
	16;やっぱり嘘じゃなかったんだ。
	4;500
@153
	17;0;2
	16;何の話か判らんな。
	4;500
@154
	17;0;2
	16;一体、誰に嘘の様な本当の話を
	16;吹き込まれたと言うんだ？
	4;500
@155
	17;2;2
	16;例の薬？
	16;蓬莱の事？
	4;500
@156
	17;2;5
	16;そんなもの、とうの昔に全て使って
	16;しまったよ。
	4;500
@157
	17;2;2
	16;確かに私はその薬を奪って、不老不死となり
	16;今に至る。
	4;500
@158
	17;2;5
	16;輝夜はいまだ私を亡き者にしようとするが、
	16;それも無理な話ね。
	4;500
@159
	17;2;3
	16;もう千年以上も続く馬鹿な争いよ。
	4;500
@160
	17;0;5
	16;判ったぜ。
	16;全て判った。
	4;500
@161
	17;0;2
	16;やっぱり、今回の肝試しのお化け役はお前だ。
	4;500
@162
	17;0;2
	16;輝夜に肝試しの話を持ちかけられた時から
	16;おかしいと思ったんだ。
	4;500
@163
	17;0;3
	16;輝夜を倒した私なら、お前を始末できると
	16;踏んだんだろうな。
	4;500
@164
	17;1;3
	16;ちょっと！　輝夜を倒したのは魔理沙一人の
	16;力じゃないでしょ？
	4;500
@165
	17;1;3
	16;それに、人間を倒すのは妖怪の仕事。
	16;目の前の貴方は、私に倒されるべきなの。
	4;500
@166
	17;2;2
	16;なんと、輝夜を倒した？
	16;目の前のこんな二人が？
	4;500
@167
	17;2;3
	16;なんと言うことかしら。あのにっくき月人が
	16;こんな人妖にやられるなんて。
	4;500
@168
	17;2;5
	16;これは久しぶりに歯応えのある刺客に
	16;なりそうね。
	4;500
@169
	17;2;3
	16;いや、歯応えがあるのは肝かしら？
	4;500
@170
	17;1;2
	16;残念だわ、蓬莱の薬。
	16;是非とも手に入れてみたかったわね。
	4;500
@171
	17;0;2
	16;私の肝は健康だ。硬くは無い。
	16;したがって私には薬は不要だよ。
	4;500
@172
	17;2;5
	16;蓬莱の薬、人間は決して口にしては
	16;ならぬ禁忌の薬。
	4;500
@173
	17;2;2
	16;一度手をだしゃ、大人になれぬ。
	16;ニ度手をだしゃ、病苦も忘れる。
	4;500
@174
	17;2;3
	16;三度手をだしゃ……、
	16;お前達も永遠の苦輪に悩むがいい！
	7;1
	4;500
	5;0;5
	5;1;5
	5;2;5
	13;0
@204
	0
	13;1
@0
	0
entry 1
@0
	1;0;1
	1;1;1
	1;2;2
@60
	15;2;4;8;10;-1
	16;あーれー。
	16;歯応え在りすぎるぅ。
	4;500
@61
	17;0;2
	16;まだやるか？
	16;死なない、ってのは本当の様だな。
	4;500
@62
	17;1;2
	16;死ななくても、そろそろ動ける限界が来てる
	16;んじゃないかしら？
	4;500
@63
	17;2;-2
	16;もうとっくに限界よ。いい加減にしないと、
	16;明日筋肉痛で動けなくなっちゃうわ。
	4;500
@64
	17;1;7
	16;筋肉痛で済むの？
	4;500
@65
	17;0;2
	16;いつも思うんだが、不老不死の体を丁度
	16;半分に割ると、どっちが本体になるんだ？
	4;500
@66
	17;1;7
	16;いつも思わないでよそんなこと。
	4;500
@67
	17;1;2
	16;不老不死は、肉体を捨てる事。
	4;500
@68
	17;1;2
	16;魂のみが本体となり、新しい肉体を生める
	16;ようになる事よ。
	4;500
@69
	17;1;2
	16;魂は大きさを持たないから、好きな所に
	16;新しい肉体を造る。
	4;500
@70
	17;1;2
	16;逆に魂を失った肉体はすぐに滅ぶでしょう？
	4;500
@71
	17;2;-2
	16;やけに詳しいわね。
	4;500
@72
	17;2;-2
	16;蓬莱の薬を欲しがっていたみたいだし、
	16;不老不死にでもなろうとでも思ったの？
	4;500
@73
	17;1;5
	16;別に。魂に興味があっただけよ。
	16;人形を自立させられないかと思ってね。
	4;500
@74
	17;1;2
	16;それに妖怪には効かないんでしょう？
	16;その薬。
	4;500
@75
	17;0;2
	16;なぁ、気になるんだが。
	4;500
@76
	17;0;2
	16;魂が大きさを持たないなら、妖夢にくっつい
	16;ているアレはなんなんだ？
	4;500
@77
	17;1;7
	16;アレは幽霊でしょ？　別物よ。
	16;そんなところを気にしないの。
	4;500
@78
	17;2;-2
	16;私が不死なら幽霊は不生。
	4;500
@79
	17;2;-2
	16;肝と形が異なるだけで、似たようなものかもね。
	4;500
@80
	17;0;2
	16;そうだった。
	16;どうだ？　私の肝試しは。
	4;500
@81
	17;2;-2
	16;そうねぇ。硬くて黒くて……。
	16;肝硬変？
	4;500
@82
	17;0;9
	16;げげ、そんなにお酒飲んでたっけ？
	4;500
@83
	17;1;2
	16;魔理沙、肝臓が悪い時は肝臓を食べるのよ。
	16;それに不老不死の肝はね……。
	4;500
@84
	17;0;7
	16;不老不死とはいえ、人間の肝はちょっと。
	4;500
@85
	17;2;-2
	16;不老不死の体は、病には冒されないから、
	16;中まで奇麗よ。
	4;500
@86
	17;2;-2
	16;食べさせないけど。
	4;500
@87
	17;0;8
	16;食べないよぅ……。
	16;不老不死は魅力だがな。
	4;500
	13;0
@147
	4;800
	9;0
@207
	4;800
	12
	14
@647
	11
	10
@0
	0
entry 2
@0
	1;0;1
	1;1;1
	1;2;2
	13;0
@60
	15;2;2;2;2;-1
	3;2;0;待っていたぞ。
@140
	3;2;0;満月の夜にやってくるとはいい度胸だ。
@230
	3;0;0;肝試しだからな
	15;0;7;2;2;-1
@320
	3;2;0;あの人間には指一本触れさせない！
	15;2;2;2;2;-1
@400
	5;0;5
	5;1;5
	5;2;5
@430
	0
	13;1
@0
	0
