entry 0
@0
	1;2;2
@60
	17;2;6
	16;流石にこれ以上は下がれないな。
	4;500
	1;0;1
	1;1;1
	15;0;2;2;-2;-1
	16;さぁ、人間を明け渡して貰おうか。
	4;500
@61
	17;1;9
	16;ちょっとちょっと魔理沙！
	4;500
@62
	17;1;6
	16;誰が、人間をとって喰おうって言ったのよ。
	4;500
@63
	17;2;8
	16;ふん。
	16;こんな里まで妖怪が来るようになるなんて。
	8;2;0;上白沢　慧音
	4;500
@64
	17;2;2
	16;やはり異常な月の所為か。
	16;今まで、滅多に来る事は無かったんだがな。
	4;500
@65
	17;0;7
	16;誰も人間をとって喰うなんて言ってないぜ。
	4;500
@66
	17;1;2
	16;とにかく。
	16;私は急いでるの！
	4;500
@67
	17;1;8
	16;あんたが誰だか知らないけど、人間なんか
	16;にかまっている暇は無いのよ。
	4;500
@68
	17;0;8
	16;酷いぜ。
	4;500
@69
	17;2;3
	16;大人しく通り過ぎてくれるなら、
	16;私も何もしまい。
	4;500
@70
	17;2;2
	16;だが、お前達は少々騒々し過ぎる。
	4;500
@71
	17;1;8
	16;ほら騒々しいって、魔理沙。
	4;500
@72
	17;1;6
	16;真夜中だというのに、
	16;あんたが思いっきり魔法を使うからよ。
	4;500
@73
	17;0;3
	16;何言ってるんだ？
	16;魔法は真夜中に思いっきり使うもんだぜ？
	4;500
@74
	17;0;2
	16;太陽の下で人知れずこっそりと使うのは、
	16;日光写真ぐらいなもんだ。
	4;500
@75
	17;2;8
	16;なにやら不穏な空気が漂っていたので
	16;里を遮断したが……
	4;500
@76
	17;2;2
	16;どうやら正解のようだな。
	4;500
@77
	17;0;2
	16;だからー。
	4;500
@78
	17;0;2
	16;誰も人間を襲うなんていってない。
	4;500
@79
	17;1;7
	16;（……明け渡せとか言ってなかったっけ？）
	4;500
@80
	17;0;3
	16;むしろ目の前の人間に用事があるのだ！
	4;500
@81
	17;2;2
	16;何でもいいよ、この与太郎が。
	4;500
@82
	17;2;3
	16;里の人間にも里の歴史にも弾幕一本
	16;触れさせる物か！
	7;1
	4;500
@83
	17;1;2
	16;魔理沙！
	4;500
@84
	17;1;8
	16;分かっていないと思うけど、
	16;こいつは人間じゃないわ。
	4;500
@85
	17;1;2
	16;半獣よ。
	4;500
	5;0;5
	5;1;5
	5;2;5
	13;0
@115
	0
	13;1
@0
	0
entry 1
@0
	1;0;1
	1;1;1
	1;2;2
@60
	15;0;4;8;10;-1
	16;満月が無くて変身出来ない半獣なんて、
	16;ただの人間だな。
	4;500
@61
	17;1;5
	16;あんたもただの人間でしょ？
	4;500
@62
	17;2;-2
	16;満月さえあればこんな奴には……。
	4;500
@63
	17;1;3
	16;そうそう。
	16;私たちは満月を取り戻そうとしているのよ。
	4;500
@64
	17;0;3
	16;そうだ。
	16;最初から言ってただろ？
	4;500
@65
	17;2;-2
	16;あー？
	16;何だよそれ。聞いてない。
	4;500
@66
	17;1;2
	16;あんたなら誰の仕業か知っていそうね。
	4;500
@67
	17;0;3
	16;さぁ、私が勝ったんだから、約束通り
	16;教えて貰おうか。
	4;500
@68
	17;0;3
	16;約束は今作ったが。
	4;500
	13;0
@128
	9;0
	12
@188
	4;800
	11
	10
@0
	0
entry 2
@0
	1;2;2
	1;0;1
	1;1;1
@60
	15;0;2;2;2;-1
@61
	17;2;2
	16;お前達か。
	16;こんな真夜中に里を襲おうとする奴は。
	4;500
@62
	17;0;2
	16;うにゃ。
	16;通りがかっただけだ。気にするな。
	4;500
@63
	17;2;6
	16;ふん、妖怪の言う事なんか信用できないな。
	4;500
@64
	17;2;2
	16;今夜を無かった事にしてやる！
	4;500
	5;0;5
	5;1;5
	5;2;5
	13;0
@94
	0
	13;1
@0
	0
entry 3
@0
	1;2;2
	1;0;1
	1;1;1
@60
	15;0;2;2;2;-1
@61
	17;2;9
	16;お前達何もんだ？
	4;500
@62
	17;0;6
	16;おっとそこは、
	16;やんごとなき事情を思い出した、だろ？
	4;500
	5;0;5
	5;1;5
	5;2;5
	13;0
@92
	0
	13;1
@0
	0
