entry 0
@0
	1;2;2
@60
	17;2;2
	16;よく見てみな。悪魔達よ。
	4;500
	1;0;1
	1;1;1
	15;0;2;2;-2;-1
	16;達って、ねぇ。
	4;500
@61
	17;2;3
	16;ここには何も無かった。
	16;そう見えるだろう？
	8;2;0;上白沢　慧音
	4;500
@62
	17;0;7
	16;って、ここは人間の里でしょ？
	4;500
@63
	17;1;2
	16;ああ、私はあんまり来る事は無いけど、
	16;咲夜はよく来ているのかしら？
	4;500
@64
	17;0;3
	16;ええ、うちのお屋敷の道具は人間製のもの
	16;も結構有りますわ。
	4;500
@65
	17;2;2
	16;よく見て……。
	16;見ての通り、ここには何も無かったんだよ。
	4;500
@66
	17;2;8
	16;いいから、さっさと通り過ぎな。
	4;500
@67
	17;0;6
	16;なんか嫌な態度ね。
	4;500
@68
	17;0;6
	16;里と人間をどこやったのかしら？
	4;500
@69
	17;2;3
	16;判らんのか？
	16;そもそも、人間は居なかった事にした。
	4;500
@70
	17;2;2
	16;今、ここの里の歴史は全て私が
	16;保護している。
	4;500
@71
	17;1;2
	16;咲夜。
	4;500
@72
	17;1;3
	16;妹の家庭教師に良いんじゃない？
	16;郷土歴史学の先生って感じで。
	4;500
@73
	17;0;7
	16;うちにはもう知識人は要りませんわ……。
	4;500
@74
	17;2;2
	16;いいか、もう一度言う。
	4;500
@75
	17;2;6
	16;ここには元々何も無かった。
	16;人間も人間の里もだ。
	4;500
@76
	17;0;2
	16;どうも、その言い方がひっかかるのよね。
	4;500
@77
	17;0;2
	16;お嬢様。
	16;少々時間を頂けますか？
	4;500
@78
	17;1;7
	16;急いでるんだけどね。物凄く。
	4;500
@79
	17;2;3
	16;そこの悪魔の歴史も私が頂こうか？
	7;1
	4;500
@80
	17;1;2
	16;ふん、偉そうね。
	16;ワーハクタクの癖に。
	4;500
@81
	17;1;3
	16;歴史ばっかリ見ているお前には、
	16;運命は変えられないよ。
	4;500
@82
	17;0;8
	16;お嬢様。
	16;時間を頂いてもいいのですね？
	4;500
@83
	17;1;8
	16;しょうがないわねぇ。
	16;ちょっとなら、私の時間も使っても良いわ。
	4;500
	5;0;5
	5;1;5
	5;2;5
	13;0
@113
	0
	13;1
@0
	0
entry 1
@0
	1;0;1
	1;1;1
	1;2;2
@60
	15;0;4;8;10;-1
	16;さぁ、すっきりしたところで先を
	16;急ぎましょう。
	4;500
@61
	17;1;7
	16;まだ、里は元に戻ってないけど
	16;もうすっきりしたの？
	4;500
@62
	17;0;3
	16;もうすっきりしたわ。きれいさっぱり。
	4;500
@63
	17;1;2
	16;まぁいいけど、こいつのお陰ですっかり妖気の
	16;上流の方向を見失ったわ。
	4;500
@64
	17;1;3
	16;咲夜は、行き先が分かってるのかしら。
	4;500
@65
	17;0;4
	16;きれいさっぱりですわ。
	16;でもほら、こんなときに便利な奴がいます。
	4;500
@66
	17;2;-2
	16;あー？満月の異変の原因？
	4;500
@67
	17;2;-2
	16;それは、あいつの仕業だろう。
	16;こんな事出来る奴なんてそうそう居ないしな。
	4;500
@68
	17;0;3
	16;知識人は役に立つわね。
	16;家にはもう要らないけど。
	4;500
@69
	17;1;2
	16;家の知識人は本ばっかり読んでて、
	16;あんまり役に立っていない気が……
	4;500
@70
	17;0;2
	16;ムダ知識が豊富なのですよ。
	16;もう要らないけど。
	4;500
	13;0
@130
	9;0
	12
@190
	4;800
	11
	10
@0
	0
entry 2
@0
	1;2;2
	1;0;1
	1;1;1
@60
	15;0;2;2;2;-1
@61
	17;2;2
	16;お前達か。
	16;こんな真夜中に里を襲おうとする奴は。
	4;500
@62
	17;0;2
	16;お嬢様。
	16;こんなところ、さっさと通り抜けましょう。
	4;500
@63
	17;1;3
	16;まぁ、別に餓えてはいないけど……
	4;500
@64
	17;2;6
	16;まったく、ここの人間が居なくなったら
	16;残るは妖怪と変な人間だけになるじゃないか！
	4;500
	5;0;5
	5;1;5
	5;2;5
	13;0
@94
	0
	13;1
@0
	0
entry 3
@0
	1;2;2
	1;0;1
	1;1;1
@60
	15;0;2;2;2;-1
@61
	17;2;9
	16;むむ、お前達何もんだ？
	4;500
@62
	17;1;5
	16;ふん。もう後が無いんじゃないかい？
	4;500
@63
	17;0;6
	16;お嬢様！
	16;少々お戯れが過ぎますよ。
	4;500
	5;0;5
	5;1;5
	5;2;5
	13;0
@93
	0
	13;1
@0
	0
