entry 0
@0
	1;0;1
	1;1;1
	15;0;2;2;-1;-1
@60
	15;0;2;2;-1;-1
	16;急に……、攻撃が止んだ。
	16;こういうときが一番怖いです。
@61
	4;400
	15;2;2;2;-1;-1
	16;一際異彩を放つ、幽霊の姿。
@62
	4;400
	15;2;2;2;-1;-1
	16;こんな満月の下の草木も眠る丑三つ時。
@63
	4;400
	13;0
	6
@123
	1;2;2
	13;1
	17;2;5
	16;幽霊は珍しくは無いけど、その確かな形、
	16;目立つわね。
	4;500
@124
	17;0;9
	16;うわ、出た！
	4;500
@125
	17;1;5
	16;妖夢、出たわよ。
	4;500
@126
	17;2;7
	16;幽霊に、出た、言われてもねぇ。
	8;2;0;永琳
	4;500
@127
	17;1;2
	16;……。
	4;500
@128
	17;0;7
	16;なんだ、人間か。
	16;間違って斬るところでしたよ。
	4;500
@129
	17;0;2
	16;って、こんな時間に人間？
	16;やっぱり不自然よ！
	4;500
@130
	17;1;8
	16;………。
	4;500
@131
	17;2;5
	16;私は最初からここに住んでいるの。
	16;時間はともかく、貴方達よりは自然だわ。
	4;500
@132
	17;2;2
	16;で、貴方達は何の用かしら。
	4;500
@133
	17;0;8
	16;私達は肝試しに――って、幽々子さま？
	4;500
@134
	17;1;8
	16;妖夢、そいつに近づいてはいけない。
	4;500
@135
	17;0;8
	16;幽々子さま……。
	4;500
@136
	17;1;8
	16;そいつは、他の人間とは違う。
	4;500
@137
	17;1;8
	16;触れてはいけない。
	16;その呪いで穢れてしまう。
	4;500
@138
	17;1;8
	16;食してはいけない。
	16;その毒で呪われてしまう。
	4;500
@139
	17;1;8
	16;何より……。
	16;私の術が効かない。
	4;500
@140
	17;2;7
	16;なんか、酷く嫌われてるようね。
	16;初対面なのに。
	4;500
@141
	17;2;5
	16;それに、いきなり術って、何をかけようと
	16;したのかしら。
	4;500
@142
	17;0;2
	16;幽々子さまは、人間を死なす事が出来る。
	16;それが効かないというのは――
	4;500
@143
	17;2;7
	16;いきなり取り殺そうとしたの？
	16;物騒な幽霊ね。
	4;500
@144
	17;0;2
	16;お前は人間ではないな？
	4;500
@145
	17;0;7
	16;って、それじゃ幽々子さまが怯えている
	16;理由が判らないけど。
	4;500
@146
	17;2;3
	16;あいにくだけど、人間よ。
	16;ただちょっと死なないだけ。
	4;500
@147
	17;1;8
	16;蓬莱人……。
	16;怖いわ、妖夢。
	4;500
@148
	17;0;7
	16;肝試しに来るまではあれほど平気だった
	16;のに……、何か変な物でも食べました？
	4;500
@149
	17;0;2
	16;まぁ、この場は私が何とかします。
	4;500
@150
	17;0;2
	16;怖いもん無しの幽々子さまが、こんなに
	16;怯えるものがあるなんて思わなかった。
	4;500
@151
	17;2;6
	16;幽霊と私では、相性が良くないのかな？
	4;500
@152
	17;2;6
	16;なんだか腹が立ってきたよ。
	16;もう攻撃開始しようかな～。
	4;500
@153
	17;0;8
	16;でも、何をそんなに怯えてるんですか？
	16;幽々子さま。
	4;500
@154
	17;1;2
	16;蓬莱の薬を飲んだ人間は不老不死になる。
	4;500
@155
	17;1;2
	16;その不老不死の人間の生き肝を食すと、
	4;500
@156
	17;1;2
	16;その人も不老不死になる。
	4;500
@157
	17;1;8
	16;その生き肝を亡霊が食すと……？
	4;500
@158
	17;1;8
	16;死ねない亡霊が生まれるわ。
	4;500
@159
	17;1;2
	16;そして、蓬莱の輪廻は終る。
	16;成仏も転生も出来ないし、薬も続かない。
	4;500
@160
	17;1;5
	16;まぁ食べなければいいんだけどね。
	4;500
@161
	17;0;7
	16;じゃあ食べるなー！
	4;500
@162
	17;2;6
	16;全く、ふざけた幽霊達ね。
	4;500
@163
	17;2;2
	16;もしかしたら、幽霊になるとこんなに
	16;おかしくなるのかしら？
	4;500
@164
	17;2;5
	16;死ねない私には確かめ様がないわね。
	4;500
@165
	17;0;2
	16;心配した私が馬鹿でした。
	16;幽々子さまはやっぱり幽々子さまですね。
	4;500
@166
	17;1;3
	16;食べるかもしれないよ～。
	16;目の前の不老不死の生き肝、美味しそうね。
	4;500
@167
	17;0;4
	16;幽々子さまの手の届かない処で始末します。
	4;500
@168
	17;2;5
	16;果たして、死人が私を斬る事が出来るかしら？
	4;500
@169
	17;0;3
	16;仲間を増やす事は出来ないかもしれないけど、
	16;本当に死なないのか試させてもらうよ。
	4;500
@170
	17;2;5
	16;成仏を忘れた亡霊は新たな生を生まない。
	16;死ねない人間は色鮮やかな冥界を知らない。
	4;500
@171
	17;2;2
	16;生まれ生まれ生まれ生まれて生の始めに暗く
	16;死に死に死に、死んで死の終わりに冥し
	4;500
@172
	17;2;3
	16;死を知らない私は闇を超越する。
	16;暗い輪廻から解き放たれた美しい弾幕を見よ！
	7;1
	4;500
	5;0;5
	5;1;5
	5;2;5
	13;0
@202
	0
	13;1
@0
	0
entry 1
@0
	1;0;1
	1;1;1
	1;2;2
@60
	15;2;4;8;10;-1
	16;なんてこと！
	16;もう体力の限界が……。
	4;500
@61
	17;0;4
	16;不老不死でも体力には限りがあるのですね。
	4;500
@62
	17;1;4
	16;さぁ、相手の動きが鈍くなってきたわ。
	16;今よ！
	4;500
@63
	17;0;7
	16;何の今ですか！
	16;食べないんでしょ！
	4;500
@64
	17;2;-2
	16;死ねなくても、闘い続ける事は出来ないわ。
	16;体のあちこちが痛い。
	4;500
@65
	17;1;4
	16;亡霊はいいわよ。
	16;体は痛まないし。貴方もどう？　亡霊は。
	4;500
@66
	17;2;-2
	16;人の話聞いてました？
	4;500
@67
	17;0;2
	16;死なない人間は面白いですね。
	16;力一杯闘ってもいいという安心感があって。
	4;500
@68
	17;1;2
	16;あら、貴方いつも手を抜いているのかしら？
	4;500
@69
	17;0;8
	16;いえ、滅相も無いです。
	4;500
@70
	17;2;-2
	16;それにしても、強い。
	16;何でそんなに強いのよ。
	4;500
@71
	17;2;-2
	16;みんな私より年下でしょう？
	4;500
@72
	17;1;3
	16;人間には強さの限界があるからに
	16;決まってるじゃない。
	4;500
@73
	17;1;2
	16;貴方は、いくら頑張っても幽霊に勝てない。
	4;500
@74
	17;0;7
	16;幽霊はあんまり関係無いと思いますが、
	16;むしろこっちは二人で闘ってい……
	4;500
@75
	17;1;4
	16;あら、目の前に不老不死の生き肝が。
	16;珍しいわね。
	4;500
@76
	17;0;7
	16;幽々子さま～。
	4;500
@77
	17;2;-2
	16;しょうがない。
	4;500
@78
	17;2;-2
	16;もう痛くて動けないし、
	16;煮るなり焼くなり好きにしな！
	4;500
@79
	17;1;9
	16;煮ても焼いても駄目よ！
	4;500
@80
	17;1;2
	16;肝は、生で食すのよ。
	16;煮ても焼いても蓬莱の効力は無くなるわ。
	4;500
@81
	17;0;2
	16;じゃあ、焼きましょう。
	4;500
@82
	17;2;-2
	16;焼かれても死なないけどね。
	16;ちょっと熱いだけ……、しくしく。
	4;500
@83
	17;0;7
	16;ところで、何でこんなことになったん
	16;だったっけ？
	4;500
@84
	17;1;2
	16;貴方が肝試しに行く嵌めになったって
	16;誘ったんじゃないの。
	4;500
@85
	17;0;9
	16;ああ、それでですか。
	4;500
@86
	17;0;9
	16;だからさっきから生き肝、生き肝、
	16;言ってたんですか。
	4;500
@87
	17;0;2
	16;肝試しは途中で中止です。
	16;輝夜に騙されたのが判ったから。
	4;500
@88
	17;0;2
	16;輝夜は明らかに、この人間と戦わせたがって
	16;いたんですよ。肝試しなんて嘘もいいところ。
	4;500
@89
	17;1;2
	16;中止？中断でしょ？
	16;肝試しはこれから再開するわよ。
	4;500
@90
	17;0;8
	16;えー……
	16;実は私、怖い物苦手なんですよぉ。
	4;500
@91
	17;1;3
	16;ほらあそこの竹の下に幽霊が……。
	4;500
@92
	17;0;7
	16;ひえぇぇぇ。
	4;500
	13;0
@152
	4;800
	9;0
@212
	4;800
	12
	14
@652
	11
	10
@0
	0
entry 2
@0
	1;0;1
	1;1;1
	1;2;2
	13;0
@60
	15;2;2;2;2;-1
	3;2;0;待っていたぞ。
@140
	3;2;0;満月の夜にやってくるとはいい度胸だ。
@230
	3;0;0;……肝試しでも、お前は怖くない！
	15;0;7;2;2;-1
@320
	3;2;0;あの人間には指一本触れさせない！
	15;2;2;2;2;-1
@400
	5;0;5
	5;1;5
	5;2;5
@430
	0
	13;1
@0
	0
