header(12, 256, 268894208, 0, 812081765, 1851862576, 109, 268894208, 1, 828665445, 1851862580, 109, 201850880, 0, 0, 0, 201981952, 795699042, 959539316, 3224159)
@0
	3
@1
	5;6000000
	3
@2
	5;6000000
	3
@3
	6
	8;1
	9
	3
@4
	5;6000000
	9
	3
@5
	5;6000000
	3
	3
@6
	6
	9
	3
@7
	5;6000000
	9
	3
	3
@8
	6
	9
	3
@9
	5;6000000
	3
@10
	5;6000000
	3
@11
	5;6000000
	3
@12
	6
	9
	3
@13
	5;6000000
	3
@14
	5;6000000
	3
@15
	5;6000000
	3
@16
	6
	9
	3
@17
	5;6000000
	3
@18
	5;6000000
	3
@19
	5;6000000
	9
	3
@20
	6
	9
	3
@21
	5;6000000
	3
@22
	5;6000000
	3
@23
	6
	3
@24
	5;6000000
	3
@25
	5;6000000
	3
@26
	5;6000000
	3
@27
	6
	9
	3
@28
	5;6000000
	3
	3
@29
	6
	11
@89
	14
@149
	12
@209
	0
@0
	0
