entry 0
@0
	1;2;2
@60
	17;2;3
	16;こんな所まで何の用だ？
	4;500
	1;0;1
	1;1;1
	15;1;2;2;-2;-1
	16;さっき、攻撃してきたでしょ？
	16;そのお返し、よ。
	4;500
@61
	17;2;2
	16;ここには何も無い。
	16;さっさと通り過ぎるが良い。
	8;2;0;上白沢　慧音
	4;500
@62
	17;0;7
	16;といっても、実は目的地が分かって
	16;いないので……。
	4;500
@63
	17;2;9
	16;当ても無くふらふらしているのか？
	4;500
@64
	17;1;9
	16;いやいや、妖夢。
	4;500
@65
	17;1;2
	16;ちゃんと目的地に向っているわ。
	16;あなたは私の言う通りにすればいいのよ。
	4;500
@66
	17;2;2
	16;お前達の目的とは何だ？
	4;500
@67
	17;0;2
	16;この異常な月を元に戻す事。
	4;500
@68
	17;1;9
	16;いやいや、妖夢。
	4;500
@69
	17;0;2
	16;！？
	4;500
@70
	17;1;5
	16;素敵でお腹いっぱいな夜の観光旅行。
	4;500
@71
	17;2;8
	16;なんだか物凄く怪しい奴等だな。
	4;500
@72
	17;2;3
	16;ただでさえ幽霊は怪しいのに。
	4;500
@73
	17;0;6
	16;まて、それは聞き捨てならないな。
	16;幽霊は怪しくない。
	4;500
@74
	17;1;9
	16;いやいや。
	4;500
@75
	17;0;7
	16;うるさい。
	4;500
@76
	17;2;2
	16;……やはり、お前達は危険そうだな。
	16;ここから追い出すしか無さそうだ。
	4;500
@77
	17;2;8
	16;よく分からん奴らだが。
	4;500
@78
	17;1;2
	16;ねぇねぇ妖夢。
	4;500
@79
	17;1;3
	16;今日は、虫、鳥、と来て次は獣よ。
	4;500
@80
	17;0;2
	16;何が言いたいのですか。
	4;500
@81
	17;2;2
	16;ふん、お前達の歴史は全て頂く！
	4;500
@82
	17;2;3
	16;お前達が幽霊になる前も、全てだ。
	7;1
	4;500
@83
	17;1;2
	16;次は龍かしらね。
	4;500
@84
	17;0;3
	16;幽々子さま。次の事考える前に
	16;目の前の事を考えてください。
	4;500
	5;0;5
	5;1;5
	5;2;5
	13;0
@114
	0
	13;1
@0
	0
entry 1
@0
	1;0;1
	1;1;1
	1;2;2
@60
	15;0;4;8;10;-1
	16;獣、って人間を獣扱いしないで下さいよ。
	4;500
@61
	17;1;9
	16;いやいや、妖夢。
	4;500
@62
	17;1;4
	16;この娘は今は人間の姿をしているけど、
	16;半分獣よ。あなたみたいね。
	4;500
@63
	17;1;2
	16;もっとも、人間も獣だと思うので足して
	16;２半獣かな？
	4;500
@64
	17;2;-2
	16;くそ、月が不完全じゃなければ
	16;こんな幽霊なんかに……。
	4;500
@65
	17;0;9
	16;そうそうそう。
	16;満月を取り戻さないといけないんでした。
	4;500
@66
	17;1;4
	16;さぁ、次は龍料理ね。
	16;楽しみだわ。妖夢。
	4;500
@67
	17;0;2
	16;幽々子さま、目的地は分かっているって
	16;言ってましたよね？
	4;500
@68
	17;0;7
	16;なんか不安になってきましたよ。
	4;500
@69
	17;1;8
	16;でも、龍は鱗が多そうね。
	4;500
	13;0
@129
	9;0
	12
@189
	4;800
	11
	10
@0
	0
entry 2
@0
	1;2;2
	1;0;1
	1;1;1
@60
	15;0;2;2;2;-1
@61
	17;2;2
	16;お前達か。
	16;こんな真夜中に里を襲おうとする奴は。
	4;500
@62
	17;1;2
	16;あれ？
	16;変な所に迷い込んでしまったわ。
	4;500
@63
	17;0;2
	16;ここは何処でしょう……？
	4;500
@64
	17;2;6
	16;迷子の振りしても無駄だ。
	16;不吉な亡霊達よ。
	4;500
	5;0;5
	5;1;5
	5;2;5
	13;0
@94
	0
	13;1
@0
	0
entry 3
@0
	1;2;2
	1;0;1
	1;1;1
@60
	15;0;2;2;2;-1
@61
	17;2;9
	16;くそ！
	16;亡霊がなんで。
	4;500
@62
	17;1;6
	16;酷いわね。
	16;亡霊を人外扱いして。
	4;500
	5;0;5
	5;1;5
	5;2;5
	13;0
@92
	0
	13;1
@0
	0
