entry 0 (256)
@0
	7;0
	8;0
	10;795699042
	9
	3
	3
@1
	5;6000000
	3
	3
	3
@2
	6
	8;1
	9
	3
@3
	5;6000000
	3
@4
	5;6000000
	9
	3
@5
	5;6000000
	9
	3
@6
	5;6000000
	3
@7
	6
	9
	3
@8
	5;6000000
	3
@9
	5;6000000
	9
	3
@10
	5;6000000
	9
	11
	3
	3
@11
	6
	8;0
	10;795699042
	9
	3
@12
	5;6000000
	3
@13
	6
	8;1
	9
	3
@14
	5;6000000
	9
	3
@15
	5;6000000
	9
	3
@16
	5;6000000
	9
	3
@17
	6
	8;0
	9
	3
@18
	5;6000000
	3
@19
	5;6000000
	3
@20
	5;6000000
	9
	3
@21
	6
	9
	3
	3
@22
	5;6000000
	9
	3
@23
	5;6000000
	3
@24
	5;6000000
	3
@25
	6
	9
	3
@26
	5;6000000
	9
	3
@27
	5;6000000
	9
	3
@28
	5;6000000
	9
	3
@29
	5;6000000
	3
@30
	6
	9
	3
	3
@31
	5;6000000
	3
	3
@32
	6
	3
	3
@33
	5;6000000
	3
	3
@34
	6
	9
	3
@35
	5;6000000
	3
	3
	3
@36
	6
	11
@96
	14
@156
	12
@216
	0
@0
	0
