entry 0
@0
	1;2;2
@60
	17;2;9
	16;ちょ、ちょっと待って～！
	4;500
	1;0;1
	1;1;1
	15;0;2;2;-2;-1
	16;何？
	4;500
	17;2;9
	16;久しぶりのヒトネギだと思ったのに。
@61
	4;500
	17;2;2
	16;あんた達、一体何者なのよ～？
	8;2;0;ミスティア・ローレライ
@62
	4;500
@63
	17;1;8
	16;ん、人間以外。
	4;500
	17;2;9
	16;人間以外？
@64
	4;500
@65
	17;0;7
	16;まぁ、人間以外でもなんでもいいけど。
	4;500
	17;2;2
	16;珍しいわね。この道に以外が通るなんて。
@66
	4;500
	17;1;2
	16;ふーん。あなたは夜雀のようね。
@67
	4;500
	17;1;3
	16;あんまり人間ばっか襲ってると～。
@68
	4;500
	17;1;8
	16;この辺から人間が居なくなるわよ。
@69
	4;500
@70
	17;0;7
	16;だからといって、人間の代わりに妖怪を
	16;襲ったりはしないんじゃん？
	4;500
	17;2;2
	16;ほっといてよ。大体、とっくに夜の道から
	16;人間の姿は消えているし。
@71
	4;500
	17;2;2
	16;居たとしても、よっぽど急ぎか、訳ありか
	16;人間以外だけだわ。
@72
	4;500
	17;1;2
	16;いい？もう一度言うわ。
	16;私達は、急ぎで訳ありで人間以外なの。
@73
	4;500
	17;1;2
	16;こんな所で時間を潰している暇は無いわ。
	16;ここを通してくれる？
@74
	4;500
	17;0;8
	16;この道の先って、あんまり紫の様な妖怪が
	16;行く場所じゃないんだけど……。
@75
	4;500
	17;2;2
	16;久しぶりの遊び相手なのに……。
@76
	4;500
	17;2;3
	16;そうだ、里に行って一緒に人間を
	16;からかわない？
@77
	4;500
	17;0;6
	16;ああもう、私は前から言ってるでしょ！
@78
	4;500
	17;1;9
	16;？
@79
	4;500
	17;2;2
	16;？？
@80
	4;500
	17;0;6
	16;私は鳥目じゃ無いって。
@81
	4;500
	17;2;3
	16;あ、人間発見。
@82
	4;500
	17;2;3
	16;私が鳥目にしてあげる！
@83
	4;500
	7;1
	5;0;5
	5;1;5
	5;2;5
	13;0
@113
	0
	13;1
@0
	0
entry 1
@0
	1;0;1
	1;1;1
@60
	15;1;4;8;-1;-1
	16;全く、夜雀風情が。
@61
	4;500
	17;1;5
	16;羽蟲の王気取りは、絶望的に早いわ。
@62
	4;500
	17;0;7
	16;……今の奴、本当に雀だったの？
	16;暗くてよく見えなかったけど。
@63
	4;500
	17;1;3
	16;夜の小鳥は大体夜雀よ。
@64
	4;500
	17;1;2
	16;取り扱いに気を付けないと、暗い所では
	16;目が見えなくなってしまうわ。
@65
	4;500
	17;0;7
	16;（……雀ってあんなだったかなぁ。
	16;　良く見えなかったけど）
@66
	4;500
	17;0;2
	16;ああ、人間の里が見えてきたわ。あんたと
	16;一緒に来たくなかったんだけどなぁ……。
@67
	4;500
	13;0
@127
	9;0
	12
@187
	4;800
	11
	10
@0
	0
