entry 0
@0
	1;0;1
	1;1;1
	15;0;2;2;-1;-1
@60
	15;0;2;2;-1;-1
	16;尋常じゃない攻撃だったけど、この程度じゃ
	16;肝試しにもならないわ。
@61
	4;400
	15;2;2;2;-1;-1
	16;人間以外の者達同士で討ちあう丑三つ時。
@62
	4;400
	15;2;2;2;-1;-1
	16;人間も妖怪も無い殺伐とした夜。
@63
	4;400
	13;0
	6
@123
	1;2;2
	13;1
	17;2;5
	16;こんな満月の夜だからかな？
	4;500
@124
	17;0;8
	16;あいにく、私は人間よ。
	4;500
@125
	17;2;2
	16;そう？
	16;でもね。あいにく私も人間なの。
	8;2;0;永琳
	4;500
@126
	17;1;2
	16;咲夜、丁度いいわ。
	16;こんな処で人間よ。
	4;500
@127
	17;0;7
	16;丁度いいんですか？
	16;まだ、食事の時間には早いでしょう？
	4;500
@128
	17;2;2
	16;そちらのお嬢さんは妖怪ね。
	16;そりゃその大きな羽を見れば判るけど。
	4;500
@129
	17;1;2
	16;妖怪なんかと一緒にするな。
	16;私は誇り高き……。
	4;500
@130
	17;0;8
	16;ここではそんなに誇り高く無い方が
	16;いいですよ。
	4;500
@131
	17;2;5
	16;で、妖怪と人間の二人で何をしようと
	16;していたのかしら？
	4;500
@132
	17;0;2
	16;いやまぁ、肝試しを……。
	4;500
@133
	17;2;7
	16;肝試しぃ？
	4;500
@134
	17;2;7
	16;人間と妖怪の二人で？
	4;500
@135
	17;2;2
	16;こんな真実の満月の下、
	16;さらに草木だけが眠る丑三つ時に？
	4;500
@136
	17;1;6
	16;悪い？　私達はちょっと季節はずれの
	16;納涼を楽しんでいただけよ。
	4;500
@137
	17;1;2
	16;人間だったら大人しくお化けにでも
	16;なって私達を喜ばせればいいのよ。
	4;500
@138
	17;0;7
	16;お嬢様。お化けになるんじゃなくて、
	16;お化けを演じるんですよ。人間は。
	4;500
@139
	17;2;2
	16;魑魅魍魎の類なんて、沢山居るじゃない。
	4;500
@140
	17;2;2
	16;何の為にわざわざ人間が演じる必要が
	16;あるのよ。
	4;500
@141
	17;1;2
	16;お前。人間って言ったよね。
	4;500
@142
	17;1;2
	16;では、何故妖怪を恐れない。
	4;500
@143
	17;1;8
	16;何故私を畏れない。
	4;500
@144
	17;2;2
	16;肝試しに来てるんだか、
	16;肝試させに来てるんだか……。
	4;500
@145
	17;2;3
	16;でも、もう私に恐れる物は何一つない。
	4;500
@146
	17;2;2
	16;いくら、目にも止まらぬ矢で
	16;打ち抜かれようと、
	4;500
@147
	17;2;2
	16;いくら、里を一瞬で消す神の火で
	16;焼かれたとしても、
	4;500
@148
	17;2;2
	16;私は死ぬ事は無い。
	4;500
@149
	17;2;5
	16;もう肝試しも出来ないのよ。
	4;500
@150
	17;0;2
	16;良かったですね、お嬢様。
	4;500
@151
	17;0;2
	16;血吸い放題ですよ。
	16;吸っても死なないんでしょう？
	4;500
@152
	17;1;5
	16;駄目だわ、咲夜。
	4;500
@153
	17;1;2
	16;こいつはもう人間じゃないよ。
	16;私は私を恐れる人間の血しか飲まない。
	4;500
@154
	17;0;8
	16;あら残念。無限にお酒の湧く瓢箪みたいかな、
	16;と思ったのですが。
	4;500
@155
	17;2;7
	16;貴方、本当に人間？
	4;500
@156
	17;2;2
	16;そんな訳で、肝試しだったらもう帰りなさい。
	16;ここは貴方達が来るような処じゃないわ。
	4;500
@157
	17;0;2
	16;でもあいつは、何かあるような口ぶり
	16;だったわよね。
	4;500
@158
	17;1;2
	16;あら、私には何かあるように見えるわよ。
	16;今と、ほんの少し先の未来に。
	4;500
@159
	17;1;5
	16;咲夜は、ナイフは鋭く切れる割には鈍いのよ。
	4;500
@160
	17;1;2
	16;輝夜はこいつを見つけさせる為に、肝試し
	16;を仕込んだに決まってるじゃない。絶対に。
	4;500
@161
	17;2;2
	16;んー。
	16;かぐやだって？
	4;500
@162
	17;2;2
	16;やっぱりそうか。人間と妖怪が肝試しだ
	16;なんておかしいと思ったよ。
	4;500
@163
	17;2;6
	16;いつも私を始末しようとする。
	16;いつも刺客を遣わす。
	4;500
@164
	17;2;6
	16;あいつは私が死なない事を知っているのに！
	4;500
@165
	17;2;6
	16;蓬莱の薬を作ったのは輝夜でしょう？
	16;ふざけるのもいい加減にして欲しいわ。
	4;500
@166
	17;1;4
	16;ほら、咲夜。
	16;私の言った通り、輝夜は私達を使ったのよ。
	4;500
@167
	17;0;2
	16;ええ。つまり、お嬢様は面白そうだから
	16;話に乗ったと言う事ですね。
	4;500
@168
	17;1;5
	16;ううん、暇だったからよ。
	4;500
@169
	17;2;5
	16;肝試しの肝は富士の煙。
	16;月まで届く永遠の火山灰。
	4;500
@170
	17;2;2
	16;不尽の火から生まれるは、
	16;何度でも甦る不死の鳥。
	4;500
@171
	17;2;3
	16;甦るたびに強くなる伝説の火の鳥。
	16;今宵の弾は、お嬢ちゃんのトラウマになるよ。
	7;1
	4;500
	5;0;5
	5;1;5
	5;2;5
	13;0
@201
	0
	13;1
@0
	0
entry 1
@0
	1;0;1
	1;1;1
	1;2;2
@60
	15;2;4;8;10;-1
	16;あーれー。
	16;もーだめだぁ。
	4;500
@61
	17;1;4
	16;あれ？
	16;もう降参？　口ほどにもないなぁ。
	4;500
@62
	17;0;2
	16;私はもう十分ですよ～。
	16;死なない人間を挑発しないで下さい。
	4;500
@63
	17;1;5
	16;そっか、咲夜は死ぬ人間だもんね。
	4;500
@64
	17;0;7
	16;不吉な言い方ですわね。
	16;お嬢様が言うと冗談に聴こえませんわ。
	4;500
@65
	17;2;-2
	16;死なないって言っても、闘い続けるのは
	16;無理だ～。
	4;500
@66
	17;1;2
	16;そう、咲夜も不老不死になってみない？
	4;500
@67
	17;1;4
	16;そうすればずっと一緒に居られるよ。
	4;500
@68
	17;0;7
	16;私は一生死ぬ人間ですよ。
	4;500
@69
	17;0;2
	16;大丈夫、生きている間は一緒に居ますから。
	4;500
@70
	17;2;-2
	16;不老不死は止めた方がいいわよ。
	4;500
@71
	17;2;-2
	16;こう見えても、貴方に撃たれた体が物凄く
	16;痛いんだから。
	4;500
@72
	17;2;-2
	16;痛くても死ねないし。
	4;500
@73
	17;1;8
	16;咲夜がそういうなら仕方が無い、残念ね。
	16;不老不死の……、蓬莱の薬はね、
	4;500
@74
	17;1;2
	16;不老不死の人間の生き肝に溜まるのよ。
	4;500
@75
	17;1;5
	16;目の前に不老不死になる薬が、疲れて
	16;痛がっているというのに。
	4;500
@76
	17;0;7
	16;誰が人間の肝を食べるのですか。
	4;500
@77
	17;0;2
	16;それに、誰からそんな事聞いたの？
	4;500
@78
	17;0;2
	16;って聞かなくても判りそうなもんですが。
	4;500
@79
	17;2;-2
	16;人の肝がどうとか、なにやら物騒な会話を
	16;しているわね。
	4;500
@80
	17;2;-2
	16;これじゃぁ、私の肝試しじゃない。
	4;500
@81
	17;1;4
	16;肝試しってそういう意味よね？
	16;ね、死ぬ咲夜。
	4;500
@82
	17;0;4
	16;パチュリー様と一緒にいたら、変な覚え方
	16;ばっかして困りますわ。
	4;500
	13;0
@142
	4;800
	9;0
@202
	4;800
	12
	14
@642
	11
	10
@0
	0
entry 2
@0
	1;0;1
	1;1;1
	1;2;2
	13;0
@60
	15;2;2;2;2;-1
	3;2;0;待っていたぞ。
@140
	3;2;0;満月の夜にやってくるとはいい度胸だ。
@230
	3;0;0;あら、すっかりお変わりになって
	15;0;7;2;2;-1
@320
	3;2;0;あの人間には指一本触れさせない！
	15;2;2;2;2;-1
@400
	5;0;5
	5;1;5
	5;2;5
@430
	0
	13;1
@0
	0
