entry 0 (256)
@0
	7;0
	8;0
	10;795699042
	9
	3
@1
	5;6000000
	3
@2
	5;6000000
	3
@3
	6
	8;1
	9
	3
@4
	5;6000000
	3
@5
	5;6000000
	9
	3
@6
	6
	9
	3
@7
	5;6000000
	3
@8
	5;6000000
	3
@9
	6
	9
	3
@10
	5;6000000
	9
	3
@11
	6
	9
	3
@12
	5;6000000
	9
	3
@13
	5;6000000
	3
@14
	6
	8;2
	9
	3
	3
@15
	5;6000000
	3
@16
	5;6000000
	9
	3
@17
	6
	9
	3
@18
	5;6000000
	3
	3
@19
	5;6000000
	9
	3
@20
	6
	9
	3
@21
	5;6000000
	9
	3
@22
	5;6000000
	3
@23
	5;6000000
	9
	3
@24
	6
	9
	3
@25
	5;6000000
	3
@26
	6
	9
	3
@27
	5;6000000
	3
@28
	5;6000000
	3
@29
	5;6000000
	3
@30
	6
	9
	3
@31
	5;6000000
	3
@32
	5;6000000
	3
@33
	5;6000000
	9
	3
@34
	6
	9
	3
@35
	5;6000000
	3
	3
@36
	6
	3
	3
@37
	5;6000000
	3
@38
	6
	9
	3
@39
	5;6000000
	3
	3
@40
	6
	3
	11
@100
	14
@160
	12
@220
	0
@0
	0
