entry 0 (256)
@0
	7
	8
	10;795699042
	9
	3
@1
	5
	3
@2
	5
	3
@3
	6
	8
	9
	3
@4
	5
	9
	3
@5
	5
	3
@6
	6
	9
	3
@7
	5
	3
@8
	5
	9
	3
	3
@9
	6
	9
	3
	3
@10
	5
	9
	3
@11
	5
	3
@12
	6
	9
	3
	3
@13
	5
	9
	3
@14
	5
	3
@15
	6
	8
	9
	3
@16
	6
	3
@17
	6
	8
	9
	3
@18
	5
	9
	3
@19
	5
	9
	3
@20
	5
	9
	3
@21
	6
	9
	3
@22
	5
	3
@23
	5
	3
@24
	5
	9
	3
@25
	6
	9
	3
@26
	5
	3
@27
	5
	9
	3
@28
	5
	9
	3
@29
	5
	9
	3
@30
	6
	9
	3
@31
	5
	9
	3
@32
	6
	9
	3
@33
	5
	3
	3
@34
	5
	3
	3
@35
	6
	3
	3
@36
	6
	3
@37
	5
	3
	3
@38
	5
	9
	3
@39
	5
	3
@40
	6
	11
@100
	14;60
@160
	12
@0
	0
