header(12, 256, 268894208, 0, 812081765, 1851862583, 109, 268894208, 1, 828665445, 1851862578, 109, 201850880, 0, 0, 0, 201981952, 795699042, 959539316, 3224159)
@0
	3
@1
	5;6000000
	3
@2
	5;6000000
	3
@3
	6
	8;1
	9
	3
@4
	5;6000000
	9
	3
@5
	5;6000000
	9
	3
@6
	5;6000000
	3
@7
	6
	9
	3
@8
	5;6000000
	9
	3
@9
	6
	9
	3
@10
	5;6000000
	3
@11
	5;6000000
	3
@12
	5;6000000
	9
	3
@13
	6
	9
	3
@14
	5;6000000
	9
	3
@15
	5;6000000
	9
	3
@16
	6
	9
	3
@17
	5;6000000
	3
@18
	5;6000000
	3
@19
	6
	3
	3
@20
	5;6000000
	3
@21
	6
	3
@22
	5;6000000
	3
@23
	5;6000000
	3
@24
	6
	9
	3
@25
	5;6000000
	3
	3
@26
	6
	11
@86
	14
@146
	12
@206
	0
@0
	0
