entry 0
@0
	1;0;1
	1;1;1
	15;0;5;2;-1;-1
@60
	15;0;5;2;-1;-1
	16;お嬢様。
	16;お怪我はないですか？
@61
	4;60
	13;0
	6
@121
	1;2;2
	13;1
	17;2;5
	16;有るわ。
	4;500
@122
	17;1;2
	16;無いよ。
	4;500
@123
	17;1;9
	16;って、あんた誰？
	4;500
@124
	17;2;2
	16;鈴仙と永琳を倒してここまで来るなんて……。
	8;2;0;輝夜
	4;500
@125
	17;2;5
	16;怪我の一つでも負って貰わないと、割に
	16;合わないわ。
	4;500
@126
	17;1;2
	16;あいにく、満月の夜は無敵なんでねぇ。
	4;500
@127
	17;0;8
	16;初めて聞きましたわ。そんな事。
	4;500
@128
	17;0;9
	16;……っていつの間にか満月ですわ。
	16;お嬢様。
	4;500
@129
	17;1;7
	16;判ってるから言ったんだけどね。
	4;500
@130
	17;2;2
	16;これが真実の満月よ。
	4;500
@131
	17;2;2
	16;いつ頃だったかしら、この満月が地上から
	16;消えたのは。
	4;500
@132
	17;2;3
	16;満月から人を狂わす力が失われたのは。
	4;500
@133
	17;1;8
	16;この満月は……。
	4;500
@134
	17;1;9
	16;咲夜が危ない！
	4;500
@135
	17;2;2
	16;そう、直に見た人間を狂わす真実の満月。
	4;500
@136
	17;0;2
	16;いや別に何にも有りませんが？
	4;500
@137
	17;1;7
	16;……咲夜は危なくなかったわね。
	16;鍛えてあるし。
	4;500
@138
	17;1;2
	16;まぁ、咲夜がいなくてもこの満月下なら
	16;無敵だけど。
	4;500
@139
	17;0;8
	16;あら、それは酷いじゃないですか。
	4;500
@140
	17;0;4
	16;どんな場面でも、私は力になりますよ。
	16;頼りにしてください。
	4;500
@141
	17;1;4
	16;あら、咲夜、ちょっと狂い始めてない？
	4;500
@142
	17;2;5
	16;月は地上に様々な力を与えた。
	4;500
@143
	17;2;5
	16;魔法の様な力の殆どが、元々は月の力。
	4;500
@144
	17;2;3
	16;貴方のお仲間にも満月頼りの者も居るん
	16;じゃない？そこな吸血鬼さん。
	4;500
@145
	17;1;6
	16;だから何よ。
	4;500
@146
	17;0;2
	16;満月となった今。
	16;無敵ってことですよ。素敵。
	4;500
@147
	17;2;2
	16;ふふ。
	4;500
@148
	17;2;2
	16;我々月の民は、地上人を魔物に変えて、
	16;地上人の穢れを調節してきた。
	4;500
@149
	17;2;5
	16;でも、もうそれもお終い。
	4;500
@150
	17;2;2
	16;地上人は自ら魔物を封印してしまった。
	4;500
@151
	17;2;3
	16;今の魔物は、ただのお約束として人を襲うだけ
	16;の良く判らない生き物になってしまったわ。
	4;500
@152
	17;1;6
	16;今の紅茶を飲む毎日の方が楽しいんだよ。
	16;それが何が悪い。
	4;500
@153
	17;0;2
	16;……。
	4;500
@154
	17;2;2
	16;地上人は次第に月を、夜を恐れなくなった。
	4;500
@155
	17;2;2
	16;地上人は益々増長したわ。
	4;500
@156
	17;2;5
	16;月の光が必要で無くなった夜。
	4;500
@157
	17;2;5
	16;潮の満ち干が無関係な海岸。
	4;500
@158
	17;2;2
	16;終いには月にまで攻め込んだって言う
	16;じゃない。
	4;500
@159
	17;1;2
	16;ふん、そんな下賎な人間の事なんて
	16;知らんな。
	4;500
@160
	17;1;2
	16;大体、あんた、月の民なんだろう？
	4;500
@161
	17;1;5
	16;月に帰って地上人と戦えばいいじゃないか。
	4;500
@162
	17;2;2
	16;私は……。
	4;500
@163
	17;2;2
	16;月には帰れない理由があるの。
	4;500
@164
	17;2;5
	16;それに、月の民の味方でもないわ。
	16;地上でもおおっぴらには動けないけど。
	4;500
@165
	17;0;2
	16;月には帰れない、地上でも居場所がない。
	4;500
@166
	17;0;8
	16;よっぽど悪い事したんでしょうね。
	4;500
@167
	17;2;5
	16;地上人にも迷惑をかけない様に、力のない者
	16;には会わない様にしていたのよ。
	4;500
@168
	17;0;2
	16;無敵のお嬢様と無敵の人間。
	4;500
@169
	17;0;3
	16;私たちに力がないのか試す？
	4;500
@170
	17;2;2
	16;今まで、何人もの地上人が敗れ去って
	16;いった五つの問題。
	4;500
@171
	17;2;3
	16;この難題をクリア出来るのかしら？
	7;1
	4;500
	5;0;5
	5;1;5
	5;2;5
	13;0
@201
	0
	13;1
@0
	0
entry 2
@0
	1;0;1
	1;1;1
	1;2;2
	13;0
@60
	15;2;2;2;2;-1
	13;1
	16;ああもう。
	4;500
@61
	17;2;-2
	16;こっちに来させちゃ駄目だって言ってるのに。
	4;500
@62
	17;1;2
	16;咲夜。
	16;こいつはフェイクよ。
	4;500
@63
	17;0;2
	16;では、速攻で倒させて頂きますわ。
	4;500
	5;0;5
	5;1;5
	5;2;5
	13;0
@93
	0
	13;1
@0
	0
entry 3
@60
	15;2;-1;-1;-1;-1
	16;なんて事！
	4;500
@61
	17;2;-2
	16;そう、夜を止めていたのは……、
	4;500
@62
	17;2;-2
	16;貴方達だったのね。
	4;500
	7;2
	13;0
@92
	0
	13;1
@0
	0
entry 4
@0
	7;-1
	0
	0
entry 5
@60
	4;800
	9;0
@120
	4;800
	13;0
	12
	14
@560
	11
	10
@0
	0
entry 6
@60
	15;2;-1;-1;-1;-1
	16;貴方達が作った半端な永遠の夜なんて……
	4;500
	13;0
@90
	0
	13;1
@0
	0
entry 7
@60
	15;2;-1;-1;-1;-1
	16;私の永遠を操る術で全て破って見せる。
	4;500
	13;0
@90
	0
	13;1
@0
	0
entry 8
@60
	15;2;-1;-1;-1;-1
	16;夜明けはすぐそこにあるはずよ。
	4;500
	13;0
@90
	0
	13;1
@0
	0
entry 9
@60
	15;2;-1;-1;-1;-1
	16;どう？
	16;これで永夜の術は破れて、夜は明ける！
	4;500
	13;0
@90
	0
	13;1
@0
	0
