entry 0
@0
	1;2;2
@60
	17;2;6
	16;しつこいな。
	4;500
	1;0;1
	1;1;1
	15;0;2;2;-2;-1
	16;あんたなんかどうでもいいのよ。
	4;500
@61
	17;0;6
	16;ここは人間の里だった筈でしょ？
	4;500
@62
	17;0;6
	16;なのに、何も無いじゃない。
	16;人間達や家とかどうしたのよ！
	4;500
@63
	17;2;2
	16;どうもしてない。
	4;500
@64
	17;2;8
	16;お前達には見えないようにしてやっただけだ。
	8;2;0;上白沢　慧音
	4;500
@65
	17;1;2
	16;霊夢、こんな所でしっぽりしている暇は無いわ。
	4;500
@66
	17;1;8
	16;こうしている間にも月はどんどん沈んでいるの。
	4;500
@67
	17;0;8
	16;しっぽりはしてないけど、ちょっと待って。
	4;500
@68
	17;0;6
	16;人間を里ごと消している妖怪を見逃す訳には
	16;いかない。
	4;500
@69
	17;2;3
	16;ここには、元々人間は住んでいなかった。
	4;500
@70
	17;2;2
	16;と言う風に見える様にしただけだ。
	4;500
@71
	17;2;3
	16;私が、この不吉な夜から人間を守る。
	4;500
@72
	17;1;5
	16;ねぇねぇ。
	4;500
@73
	17;1;2
	16;私には普通に人間の姿が見えるんだけどさぁ。
	4;500
@74
	17;1;2
	16;この程度のまやかしなんて、全然役に立たない
	16;じゃない？
	4;500
@75
	17;2;9
	16;！
	4;500
@76
	17;2;9
	16;お前達、本当に何もんだ？
	4;500
@77
	17;0;7
	16;大丈夫。私には里は見えないわ。
	4;500
@78
	17;2;8
	16;うう。そんな情けかけられても。
	4;500
@79
	17;1;2
	16;それにあんた。
	4;500
@80
	17;1;2
	16;半獣なんでしょ？
	4;500
@81
	17;2;6
	16;満月じゃなければ人間だ。
	4;500
@82
	17;1;2
	16;人面犬とか人面岩とかと大差ないわね。
	4;500
@83
	17;2;8
	16;何で顔だけ残して変身する必要があるんだよ。
	16;変身は全身だ。
	4;500
@84
	17;1;2
	16;牛頭馬頭とか、頭だけ獣に変身。
	4;500
@85
	17;2;6
	16;……まぁいい。
	4;500
@86
	17;2;2
	16;そこまで言うなら、もう後には引かせない。
	4;500
@87
	17;2;3
	16;今夜は、お前達の歴史で満漢全席だ！
	7;1
	4;500
@88
	17;1;3
	16;私はともかく、こいつの歴史は点心位に
	16;しかならないわ。
	4;500
@89
	17;0;8
	16;うるさいなぁ。
	16;それだけ毎日が飲茶なのよ。
	4;500
	5;0;5
	5;1;5
	5;2;5
	13;0
@119
	0
	13;1
@0
	0
entry 1
@0
	1;0;1
	1;1;1
	1;2;2
@60
	15;0;4;8;10;-1
	16;さぁ、人間の里を元に戻しなさい！
	4;500
@61
	17;1;5
	16;戻しても大丈夫よ。
	16;元々ここの人間とあんたなんか眼中に無いわ。
	4;500
@62
	17;2;-2
	16;じゃぁ、何処に行こうとしてるんだ？
	4;500
@63
	17;1;3
	16;あっち。
	4;500
@64
	17;0;3
	16;こっち。
	4;500
@65
	17;2;-2
	16;……。
	4;500
@66
	17;2;-2
	16;昨今の異常な月の原因を作った奴なら、
	16;そっち。
	4;500
@67
	17;0;2
	16;ほら言ったとおりじゃない。
	4;500
@68
	17;1;3
	16;霊夢の指先と70度は違う向きね。
	4;500
@69
	17;0;3
	16;あんたは110度違う。
	16;ってあんた、良く私達の目的が判ったわね。
	4;500
@70
	17;1;8
	16;判らない方がおかしいのよ。
	4;500
	13;0
@130
	9;0
	12
@190
	4;800
	11
	10
@0
	0
entry 2
@0
	1;2;2
	1;0;1
	1;1;1
@60
	15;0;2;2;2;-1
@61
	17;2;2
	16;お前達か。
	16;こんな真夜中に里を襲おうとする奴は。
	4;500
@62
	17;0;6
	16;この惨状はあんたの仕業ね？
	16;人間と人間の里を何処にやったの？
	4;500
@63
	17;2;6
	16;お前達妖怪には、人間を渡しはしない。
	4;500
@64
	17;2;2
	16;今夜を無かった事にしてやる！
	4;500
	5;0;5
	5;1;5
	5;2;5
	13;0
@94
	0
	13;1
@0
	0
entry 3
@0
	1;2;2
	1;0;1
	1;1;1
@60
	15;0;2;2;3;-1
@61
	17;2;9
	16;あー、お前達何もんだ？
	4;500
@62
	17;0;6
	16;ちょっと、里を元に戻しなさい！
	4;500
	5;0;5
	5;1;5
	5;2;5
	13;0
@92
	0
	13;1
@0
	0
