entry 0 (256)
@0
	7
	8
	10;795699042
	9
	3
@1
	5
	3
@2
	5
	3
	3
@3
	6
	8
	9
	3
@4
	5
	9
	3
@5
	5
	3
@6
	5
	3
@7
	6
	9
	3
@8
	5
	9
	3
@9
	5
	9
	3
@10
	5
	3
@11
	5
	3
@12
	6
	9
	3
@13
	5
	9
	3
@14
	5
	3
@15
	6
	8
	9
	3
@16
	5
	3
@17
	5
	9
	3
	3
@18
	5
	3
@19
	6
	9
	3
	3
@20
	5
	3
@21
	5
	3
@22
	6
	9
	3
@23
	6
	9
	3
@24
	5
	9
	3
@25
	5
	3
	3
@26
	5
	9
	3
@27
	6
	9
	3
@28
	5
	3
@29
	5
	3
	3
@30
	6
	3
	3
@31
	5
	3
	3
@32
	5
	3
@33
	6
	3
@34
	5
	3
@35
	5
	3
@36
	5
	9
	3
@37
	5
	3
@38
	6
	11
@98
	14;60
@158
	12
@0
	0
