entry 0 (256)
@0
	7;0
	8;0
	10;795699042
	9
	3
	3
@1
	5;6000000
	3
	3
	3
@2
	6
	8;1
	9
	3
@3
	5;6000000
	3
@4
	5;6000000
	9
	3
@5
	5;6000000
	9
	3
@6
	5;6000000
	3
@7
	6
	9
	3
@8
	5;6000000
	3
@9
	5;6000000
	9
	3
@10
	5;6000000
	9
	11
	3
	3
@11
	6
	8;0
	10;795699042
	9
	3
@12
	5;6000000
	3
	3
@13
	6
	8;1
	9
	3
@14
	5;6000000
	9
	3
@15
	5;6000000
	9
	3
@16
	5;6000000
	9
	3
@17
	5;6000000
	9
	3
@18
	6
	9
	3
@19
	5;6000000
	9
	3
@20
	5;6000000
	9
	3
@21
	5;6000000
	9
	3
@22
	5;6000000
	9
	3
@23
	6
	9
	3
@24
	5;6000000
	9
	3
@25
	5;6000000
	8;0
	3
@26
	5;6000000
	9
	3
	3
@27
	6
	9
	3
@28
	5;6000000
	9
	3
@29
	5;6000000
	3
	3
@30
	5;6000000
	9
	3
@31
	6
	9
	3
	3
@32
	5;6000000
	9
	3
@33
	5;6000000
	9
	3
@34
	6
	9
	3
@35
	5;6000000
	3
@36
	5;6000000
	9
	3
@37
	5;6000000
	9
	3
@38
	5;6000000
	9
	3
@39
	6
	9
	3
	3
@40
	5;6000000
	3
@41
	5;6000000
	3
@42
	6
	3
@43
	5;6000000
	3
@44
	5;6000000
	3
@45
	5;6000000
	3
@46
	6
	9
	3
@47
	5;6000000
	3
	3
	3
@48
	6
	11
@108
	14
@168
	12
@228
	0
@0
	0
