entry 0 (256)
@0
	13;0
	7;18
@90
	13;1
	24
	1;0;0
	15;0;0;-1
	23;0
@140
	15;0;-1;-1
	16;ここの桜が散るには、もうちょっと時間が
	16;かかりそうね。
	4;500
@141
	17;0;1
	16;なんだかんだ言っても、幻想郷の者達は、
	16;外の者に比べると悪いところは少ない。
	4;500
@142
	17;0;1
	16;ここの桜に宿る者の罪は、外の世界の犯罪
	16;とは無関係のものなのです。
	4;500
@143
	17;0;0
	16;法律は人間が決めた約束。
	16;法で裁けない罪を私は裁くのです。
	4;500
	15;1;-2;-1
	16;あら、まだ全然じゃないの。
	4;500
	23;1
	13;0
@173
	1;1;0
	15;1;-2;3
	13;1
	8
	16;もうすぐ、もうすぐって言って。
	16;何時になったら桜が元通りになるのよ。
	4;500
@174
	17;0;1
	16;丁度良いところに来ましたね。
	4;500
@175
	17;0;1
	16;どうですか？
	16;私の教えを理解して守っていますか？
	4;500
@176
	17;1;0
	16;だから、焼いて食べるようにしているわよ。
	16;色々な物を。
	4;500
@177
	17;0;0
	16;紫の桜の下は罪を持った霊でいっぱいです。
	4;500
@178
	17;0;0
	16;徳のある霊から順番に彼岸に帰すので、
	16;ここの桜は一番最後になるでしょう。
	4;500
@179
	17;0;0
	16;いえ、ここに限らず最後まで残るのは桜の花。
	4;500
@180
	17;1;7
	16;そうなの？
	16;桜の花が一番掃除が大変なのに……
	4;500
@181
	17;0;0
	16;桜だけが残ったとき、初めて幻想郷は新たな
	16;暦を読み始めるでしょう。
	4;500
@182
	17;0;1
	16;今年は六十年に一度訪れる「生れ変わり」の
	16;年なのです。
	4;500
@183
	17;0;1
	16;言うなれば、幻想郷の「還暦」
	4;500
@184
	17;0;0
	16;そして桜の花は死と共に再生を意味します。
	4;500
@185
	17;1;7
	7;-1
	16;何で六十年に一度そういう年が
	16;訪れるのかしら？
	4;500
@186
	17;0;6
	16;よく干支なんかで言われることがありますが、
	16;アレは後から人間が付けた当てずっぽうです。
	4;500
@187
	17;0;0
	16;六十年とは、本当は自然の状態を全て
	16;言い表す数字なのです。
	4;500
@188
	17;0;0
	16;日、月、星の三精。
	16;春、夏、秋、冬の四季。
	4;500
@189
	17;0;1
	16;木、水、火、土、金の五行。
	4;500
@190
	17;0;0
	16;三精、四季、五行をかけると
	16;三×四×五＝六十となり、
	4;500
@191
	17;0;0
	16;六十は自然の物を全て表す組み合わせの数と
	16;なるのです。
	4;500
@192
	17;0;0
	28;1
	7;15
	16;つまり、自然は六十年で一度生まれ変わる。
	16;幻想郷は今年で蘇生する。
	4;500
@193
	17;1;0
	16;そうなのかしら？　六十年前は生まれて
	16;なかったから確かめようがないわ。
	4;500
@194
	17;0;5
	16;洞察力があればすぐに判る筈よ？
	4;500
@195
	17;0;0
	16;六十年前にもこの異変を見た者は、余り大騒ぎ
	16;をしていないでしょう？
	4;500
@196
	17;1;4
	16;大騒ぎしている奴も居るけどね。
	4;500
@197
	17;0;0
	16;六十年は記憶も一巡してしまうのです。
	4;500
@198
	17;0;4
	16;それに、特殊な異変とかでは無いので
	16;記憶から失われやすいのでしょう。
	4;500
@199
	17;1;0
	16;そうだったのね。
	16;どうも危険を感じない異変だと思ったわ。
	4;500
@200
	17;1;7
	16;って、騙されないわよ？
	4;500
@201
	17;1;3
	16;花が咲いている理由はあんたらが
	16;サボっているからでしょう？
	4;500
@202
	17;0;7
	16;幽霊が増えた理由が、六十年に一回くらい
	16;起こるのです。花はその結果です。
	4;500
@203
	17;0;0
	16;地震、噴火、津波、戦争。
	16;何かは判らないけど……。
	4;500
@204
	17;1;4
	16;何にしてもあんたらが頑張れば元に戻るはず！
	4;500
	5;0;5
	5;1;5
	5;2;5
	5;3;5
	13;0
	25
@234
	0
	13;1
@0
	0
entry 1 (256)
@0
	4;500
	13;0
	9;0
	13;1
@1
	4;1800
	14
@300
	0
@0
	0
entry 2 (256)
@0
	24
	1;0;0
	1;1;0
	15;1;8;2
@50
	15;1;8;2
	16;さ、さっさと戻って幽霊を彼岸に送りなさい！
	4;500
	13;0
@80
	9;500
	13;1
@140
	15;-1;-1;-1
	4;1800
@0
	0
entry 200 (256)
@0
	23;0
	23;1
	25
@20
	0
@0
	0
entry 201 (256)
@0
	23;0
	23;1
	25
@20
	0
@0
	0
entry 10 (256)
@0
	13;0
	7;1
@90
	13;1
	24
	1;0;0
	15;0;7;-1
	23;0
@140
	15;0;-1;-1
	16;いつも動き回る人間を捕まえるのは
	16;やっかいよねぇ。
	4;500
	15;1;-2;-1
	16;誰のことだ？
	4;500
	23;1
	13;0
@170
	1;1;0
	15;1;-2;5
	13;1
	8
	16;私もそれで苦労するんだが。
	4;500
@171
	17;0;4
	16;いたいた。
	16;どうですか、私の教えを守っていますか？
	4;500
@172
	17;1;0
	16;だから、嘘なんて吐いていないってば。
	7;3
	4;500
	5;0;5
	5;1;5
	13;0
	25
@202
	0
	13;1
@0
	0
entry 11 (256)
@0
	24
	1;0;0
	1;1;0
	15;0;1;8
@50
	15;0;1;8
	16;嘘を吐かない人間なんて居ないのです。
	4;500
@51
	17;0;5
	16;ですから、嘘を吐かないなんて堂々と言える
	16;事自体が嘘つきの証拠です。
	4;500
	13;0
@81
	9;500
	13;1
@141
	15;-1;-1;-1
	4;1800
@0
	0
entry 12 (256)
@0
	24
	1;0;0
	1;1;0
	15;1;8;1
@50
	15;1;8;1
	16;じゃ、これから行くとこあるんでね。
	4;500
	13;0
@80
	9;500
	13;1
@140
	15;-1;-1;-1
	4;1800
@0
	0
entry 20 (256)
@0
	13;0
	7;1
@90
	13;1
	24
	1;0;0
	15;0;0;-1
	23;0
@140
	15;0;-1;-1
	16;小町ったら、まだまだ全然じゃない。
	16;何があらかた幽霊は片付きました、よ。
	4;500
	15;1;-2;-1
	16;あら、
	4;500
	23;1
	13;0
@170
	1;1;0
	15;1;-2;0
	13;1
	8
	16;もっと部下に言ってやってください。
	16;花が元に戻る気配が無いんだから。
	4;500
@171
	17;0;1
	16;言っておきますわ。
	16;で、貴方は少しは優しくなりましたか？
	4;500
@172
	17;1;1
	16;体に良いお茶を飲むようにしました。
	7;4
	4;500
	5;0;5
	5;1;5
	13;0
	25
@202
	0
	13;1
@0
	0
entry 21 (256)
@0
	24
	1;0;0
	1;1;0
	15;0;0;8
@50
	15;0;0;8
	16;体に優しいのも良いですが、もっと全体的に
	16;優しくなるようにしましょう。
	4;500
	13;0
@80
	9;500
	13;1
@140
	15;-1;-1;-1
	4;1800
@0
	0
entry 22 (256)
@0
	24
	1;0;0
	1;1;0
	15;1;8;2
@50
	15;1;8;2
	16;そんなことより、何時になったら花が元通りに
	16;なるのかしらね。
	4;500
	13;0
@80
	9;500
	13;1
@140
	15;-1;-1;-1
	4;1800
@0
	0
entry 30 (256)
@0
	13;0
	7;5
@90
	13;1
	24
	1;0;0
	15;0;0;-1
	23;0
@140
	15;0;-1;-1
	16;冥界は暢気ねぇ。
	16;彼岸は大忙しだって言うのに。
	4;500
	15;1;-2;-1
	16;これはこれは、
	4;500
	23;1
	13;0
@170
	1;1;0
	15;1;-2;0
	13;1
	8
	16;閻魔様では無いですか。
	16;わざわざ冥界まで来るって事は一大事ですか？
	4;500
@171
	17;0;1
	16;いいえ、貴方が私の教えを理解しているか
	16;見に来たのです。
	4;500
@172
	17;1;4
	16;ええ、きっと理解しています。
	16;ほら、美味しいお茶を淹れる事も出来ます。
	4;500
	5;0;5
	5;1;5
	5;2;5
	5;3;5
	13;0
	25
@202
	0
	13;1
@0
	0
entry 31 (256)
@0
	24
	1;0;0
	1;1;0
	15;0;0;8
@50
	15;0;0;8
	16;そんな事教えたかしら？
	4;500
@51
	17;0;1
	16;いい？
	16;貴方の剣は迷いを断つ剣なの。
	4;500
@52
	17;0;0
	16;迷いのない人間は悟りを開いた人間。
	4;500
@53
	17;0;0
	16;それは成仏と同じなのです。
	4;500
@54
	17;0;1
	16;今の貴方の判断で容易に成仏させては
	16;いけません。
	4;500
	13;0
@84
	9;500
	13;1
@144
	15;-1;-1;-1
	4;1800
@0
	0
entry 32 (256)
@0
	24
	1;0;0
	1;1;0
	15;1;8;6
@50
	15;1;8;6
	16;だって、幽々子様はそんなことしか教えて
	16;くれないのです。
	4;500
	13;0
@80
	9;500
	13;1
@140
	15;-1;-1;-1
	4;1800
@0
	0
entry 40 (256)
@0
	13;0
	7;1
@90
	13;1
	24
	1;0;0
	15;0;0;-1
	23;0
@140
	15;0;-1;-1
	16;この家に住んでいるのね。
	4;500
	15;1;-2;-1
	16;ああこれは閻魔様。
	4;500
	23;1
	13;0
@170
	1;1;0
	15;1;-2;7
	13;1
	8
	16;どうしたのですか？
	16;何かあったのですか？
	4;500
@171
	17;0;1
	16;貴方がきちんと私の教えを理解しているか
	16;見に来たのです。
	4;500
@172
	17;1;4
	16;教えって……
	16;抽象的すぎて良く判りません。
	7;6
	4;500
	5;0;5
	5;1;5
	13;0
	25
@202
	0
	13;1
@0
	0
entry 41 (256)
@0
	24
	1;0;0
	1;1;0
	15;0;0;8
@50
	15;0;0;8
	16;そう。
	4;500
@51
	17;0;1
	16;貴方は罪の念を持ち続けて生きるしか
	16;なさそうね……
	4;500
	13;0
@81
	9;500
	13;1
@141
	15;-1;-1;-1
	4;1800
@0
	0
entry 42 (256)
@0
	24
	1;0;0
	1;1;0
	15;1;8;0
@50
	15;1;8;0
	16;ま、真面目に生きていますんで、閻魔様の
	16;お手を煩わせる事はありません。
	4;500
	13;0
@80
	9;500
	13;1
@140
	15;-1;-1;-1
	4;1800
@0
	0
entry 50 (256)
@0
	13;0
	7;1
@90
	13;1
	24
	1;0;0
	15;0;6;-1
	23;0
@140
	15;0;-1;-1
	16;様子を見に来ましたよ。
	4;500
	15;1;-2;-1
	16;ああ！
	4;500
	23;1
	13;0
@170
	1;1;0
	15;1;-2;6
	13;1
	8
	16;また口うるさいのが来たね。
	4;500
@171
	17;0;4
	16;私の言ったこと、ちゃんと
	16;心がけているかしら？
	4;500
@172
	17;1;4
	16;いや、良くわかんなかったし。
	7;7
	4;500
	5;0;5
	5;1;5
	13;0
	25
@202
	0
	13;1
@0
	0
entry 51 (256)
@0
	24
	1;0;0
	1;1;0
	15;0;0;8
@50
	15;0;0;8
	16;まあ、妖精は良いですか。
	16;そんな高い精神を持っている訳でもないし。
	4;500
	13;0
@80
	9;500
	13;1
@140
	15;-1;-1;-1
	4;1800
@0
	0
entry 52 (256)
@0
	24
	1;0;0
	1;1;0
	15;1;8;6
@50
	15;1;8;6
	16;なんだか気分悪いから、ちょっと出かけよ。
	4;500
	13;0
@80
	9;500
	13;1
@140
	15;-1;-1;-1
	4;1800
@0
	0
entry 60 (256)
@0
	13;0
	7;1
@90
	13;1
	24
	1;0;0
	15;0;0;-1
	23;0
@140
	15;0;-1;-1
	16;この辺ね、幻想の音が聞こえてくるわ。
	4;500
	15;1;-2;-1
	16;ああ貴方様は、
	4;500
	23;1
	13;0
@170
	1;1;0
	15;1;-2;5
	13;1
	8
	16;いつぞやの説教好きの……
	4;500
@171
	17;0;0
	16;今日は、私の言いつけを守っているのか
	16;監視しにきました。
	4;500
@172
	17;1;4
	16;なんだっけ言いつけって？
	7;8
	4;500
	5;0;5
	5;1;5
	13;0
	25
@202
	0
	13;1
@0
	0
entry 61 (256)
@0
	24
	1;0;0
	1;1;0
	15;0;4;8
@50
	15;0;4;8
	16;幽霊以上に儚いのが騒霊なのです。
	16;吹けば消えてしまう位。
	4;500
	13;0
@80
	9;500
	13;1
@140
	15;-1;-1;-1
	4;1800
@0
	0
entry 62 (256)
@0
	24
	1;0;0
	1;1;0
	15;1;8;2
@50
	15;1;8;2
	16;ああ、油物を控えろって事だっけ？
	4;500
	13;0
@80
	9;500
	13;1
@140
	15;-1;-1;-1
	4;1800
@0
	0
entry 70 (256)
@0
	13;0
	7;1
@90
	13;1
	24
	1;0;0
	15;0;0;-1
	23;0
@140
	15;0;-1;-1
	16;騒々しい歌が聞こえてくるわ。
	4;500
	15;1;-2;-1
	16;五人囃子の～♪
	4;500
	23;1
	13;0
@170
	1;1;0
	15;1;-2;5
	13;1
	8
	16;首取れた～♪
	4;500
@171
	17;0;4
	16;こら。私の言ったことを忘れたの？
	4;500
@172
	17;1;7
	16;え？
	16;何時何を言ったのよ！
	7;9
	4;500
	5;0;5
	5;1;5
	13;0
	25
@202
	0
	13;1
@0
	0
entry 71 (256)
@0
	24
	1;0;0
	1;1;0
	15;0;0;8
@50
	15;0;0;8
	16;鳥に教えを説いても時間の無駄ね。
	4;500
	13;0
@80
	9;500
	13;1
@140
	15;-1;-1;-1
	4;1800
@0
	0
entry 72 (256)
@0
	24
	1;0;0
	1;1;0
	15;1;8;2
@50
	15;1;8;2
	16;歌の邪魔をするなんて酷い。
	4;500
	13;0
@80
	9;500
	13;1
@140
	15;-1;-1;-1
	4;1800
@0
	0
entry 80 (256)
@0
	13;0
	7;1
@90
	13;1
	24
	1;0;0
	15;0;0;-1
	23;0
@140
	15;0;-1;-1
	16;私は竹林でも迷うことは一切無い。
	4;500
	15;1;-2;-1
	16;あ！
	4;500
	23;1
	13;0
@170
	1;1;0
	15;1;-2;5
	13;1
	8
	16;どっかで見たことのある顔。
	4;500
@171
	17;0;1
	16;貴方が私の言いつけを守っているか
	16;見に来ました。
	4;500
@172
	17;1;1
	16;ああ、勿論ですとも。
	16;あれからまっとうに生きる事にしました。
	7;10
	4;500
	5;0;5
	5;1;5
	13;0
	25
@202
	0
	13;1
@0
	0
entry 81 (256)
@0
	24
	1;0;0
	1;1;0
	15;0;4;8
@50
	15;0;4;8
	16;まだ嘘ばっかり言うのね。私に裁かれる前に
	16;誰かに報復を受けても知らないですよ？
	4;500
	13;0
@80
	9;500
	13;1
@140
	15;-1;-1;-1
	4;1800
@0
	0
entry 82 (256)
@0
	24
	1;0;0
	1;1;0
	15;1;8;2
@50
	15;1;8;2
	16;そんじゃあ、私はこの辺で～。
	4;500
	13;0
@80
	9;500
	13;1
@140
	15;-1;-1;-1
	4;1800
@0
	0
entry 100 (256)
@0
	13;0
	7;18
@90
	13;1
	24
	1;0;0
	15;0;7;-1
	23;0
@140
	15;0;-1;-1
	16;天狗がこの辺に居たはず。
	4;500
	15;1;-2;-1
	7;-1
	16;あ、もしかして
	4;500
	23;1
	13;0
@170
	1;1;0
	15;1;-2;2
	13;1
	8
	16;閻魔様ですか。
	16;今度は何か起こったのでしょうか？
	4;500
@171
	17;0;0
	16;貴方が私の教えを理解しているか
	16;見に来たのです。
	4;500
@172
	17;1;1
	16;勿論です。
	16;私なりに新聞について考えました。
	4;500
@173
	17;0;2
	16;そう。では、改めて問います。
	4;500
@174
	17;0;0
	16;新聞とは何のために存在するか。
	4;500
@175
	17;1;0
	16;新聞の記事にすることで、真実が変わる。
	4;500
@176
	17;1;0
	16;変化した真実を記事にすると、
	16;また真実が変わる。
	4;500
@177
	17;1;0
	16;理解せずに記事を書く事は愚かなことですが、
	16;その事を理解さえしていれば、
	4;500
@178
	17;1;0
	16;新聞は事実を変える力を持つ。
	4;500
@179
	17;0;5
	16;では、貴方はどう新聞を書いていくか。
	4;500
@180
	17;1;6
	16;世を正す様に新聞を書くのです。
	16;事実を変え、この世を良くしていくのです。
	4;500
@181
	17;0;0
	16;惜しい、３０点。
	4;500
@182
	17;1;4
	16;３０点って惜しいのですか？
	4;500
@183
	17;0;1
	16;もうちょっと深く考える事ね。
	7;12
	4;500
	5;0;5
	5;1;5
	13;0
	25
@213
	0
	13;1
@0
	0
entry 101 (256)
@0
	24
	1;0;0
	1;1;0
	15;0;0;8
@50
	15;0;0;8
	16;新聞は、事件を起こすためにあるのです。
	4;500
@51
	17;0;5
	16;貴方は、自分の記事が引き起こした事件の罪も
	16;全て被る覚悟が必要です。
	4;500
@52
	17;0;5
	16;何故そんな事までして記事を書かないと
	16;いけないのか。
	4;500
@53
	17;0;1
	16;それは、真実を変える力は、何よりも大きな力
	16;だからなのです。
	4;500
	13;0
@83
	9;500
	13;1
@143
	15;-1;-1;-1
	4;1800
@0
	0
entry 102 (256)
@0
	24
	1;0;0
	1;1;0
	15;1;8;2
@50
	15;1;8;2
	16;閻魔様の事は記事にはしません。
	16;一応プライバシーは守らないといけませんから
	4;500
	13;0
@80
	9;500
	13;1
@140
	15;-1;-1;-1
	4;1800
@0
	0
entry 120 (256)
@0
	13;0
	7;14
@90
	13;1
	24
	1;0;0
	15;0;0;-1
	23;0
@140
	15;0;-1;-1
	16;小町ったら、全然じゃないの。
	4;500
@141
	17;0;3
	16;彼岸花も咲き放題じゃないの。
	16;何が、もうすぐ終わります、かしら？
	4;500
	15;1;-2;-1
	16;ああ済みません。済みません。
	4;500
	23;1
	13;0
@171
	1;1;0
	15;1;-2;4
	13;1
	8
	16;いますぐに片付けますんでー。
	4;500
@172
	17;0;1
	16;いま、色々な人間や妖怪相手に教えを説いて
	16;きたっていうのに。
	4;500
@173
	17;0;6
	16;自分の部下がこんなじゃ、説得力が無いじゃ
	16;ないの。
	4;500
@174
	17;1;0
	16;いえいえ。
	16;これでも頑張っているのです。
	4;500
@175
	17;1;1
	16;ただちょいと今年の幽霊の量が異常だった
	16;だけですんで。
	4;500
@176
	17;0;3
	16;減らず口もいい加減にしなさい？
	4;500
@177
	17;0;3
	16;船の速度だって他の死神より遅いし……
	4;500
@178
	17;0;0
	16;どうせ幽霊と無駄話でもしてるんでしょう？
	4;500
@179
	17;1;7
	16;いえいえ滅相もない。
	4;500
@180
	17;1;4
	16;私は口数も少なくもっとも真面目な
	16;死神ですよ。
	4;500
@181
	17;0;0
	16;小町は欲が足りないのよ。
	4;500
@182
	17;1;0
	16;はい？
	4;500
@183
	17;0;0
	16;死者を運ぶときに、渡し賃を貰うでしょう？
	4;500
@184
	17;0;0
	16;渡し賃が多そうな客、つまり徳の高そうな客
	16;を優先的に運べば……
	4;500
@185
	17;0;1
	16;川を渡る時間も大して掛からないし、
	16;効率が良いし、儲かるし……
	4;500
@186
	17;1;4
	16;あ、いや。
	16;儲ける気が無いわけではないですよ？
	4;500
@187
	17;0;3
	16;死神がお金を稼ぐことは、生前の行いの善い者
	16;を好待遇で迎える事にもなる。
	4;500
@188
	17;0;0
	16;つまり、お金を稼ぐこと、それが善行なのよ。
	4;500
@189
	17;1;0
	16;はい、判ってはいるんですがー。
	16;まぁ、悪い奴の体験談も面白くてですねぇ。
	4;500
@190
	17;0;3
	16;無駄話をしちゃうと。
	4;500
@191
	17;1;4
	16;いや、あ、まぁ。
	4;500
@192
	17;0;1
	16;貴方ももっと勉強しないとね。
	4;500
	5;0;5
	5;1;5
	5;2;5
	5;3;5
	13;0
	25
@222
	0
	13;1
@0
	0
entry 121 (256)
@0
	24
	1;0;0
	1;1;0
	15;0;1;8
@50
	15;0;1;8
	16;お金を稼ぐことが善くない事の様によく
	16;言われるのは、
	4;500
@51
	17;0;0
	16;徳のない人間が妬みで言うことなのです。
	16;働かない事が善である事は無いのです。
	4;500
@52
	17;0;0
	16;お金の仕組みは、稼ぐことと使うことが善行に
	16;なる様に出来ているのです。
	4;500
@53
	17;1;8
	16;ええ、判っています。
	16;だから、神社にはお賽銭が入らないのですね？
	4;500
@54
	17;0;3
	16;頭で判っているなら実行しなさい。
	16;不言実行です。
	4;500
	13;0
@84
	9;500
	13;1
@144
	15;-1;-1;-1
	4;1800
@0
	0
entry 122 (256)
@0
	24
	1;0;0
	1;1;0
	15;1;8;4
@50
	15;1;8;4
	16;済みません。済みません。
	4;500
	13;0
@80
	9;500
	13;1
@140
	15;-1;-1;-1
	4;1800
@0
	0
