entry 10 (256)
@0
	13;0
	7;1
@90
	13;1
	24
	1;0;0
	15;0;7;-1
	23;0
@140
	15;0;-1;-1
	16;もしかして、竹の花も咲いてるの？
	4;500
	15;1;-2;-1
	16;珍しいよな。
	4;500
	23;1
	13;0
@170
	1;1;0
	15;1;-2;5
	13;1
	8
	16;でも、やることは一緒だぜ。
	4;500
@171
	17;0;4
	16;花見って事？
	7;3
	4;500
	5;0;5
	5;1;5
	13;0
	25
@201
	0
	13;1
@0
	0
entry 11 (256)
@0
	24
	1;0;0
	1;1;0
	15;0;1;8
@50
	15;0;1;8
	16;私はあんたと違って原因を突き止めないと
	16;いけないのよ。
	4;500
	13;0
@80
	9;500
	13;1
@140
	15;-1;-1;-1
	4;1800
@0
	0
entry 12 (256)
@0
	24
	1;0;0
	1;1;0
	15;1;8;1
@50
	15;1;8;1
	16;いくら花が綺麗だからって、よそ見してちゃ
	16;避けられないぜ？
	4;500
	13;0
@80
	9;500
	13;1
@140
	15;-1;-1;-1
	4;1800
@0
	0
entry 13 (256)
@0
	13;0
	7;1
@90
	13;1
	24
	1;0;0
	15;0;6;-1
	23;0
@140
	15;0;-1;-1
	16;うーん。
	4;500
@141
	17;0;6
	16;本格的に行く当てが無くなってきたわ……
	4;500
@142
	17;0;0
	16;これはもう、普段は近寄らない所に行くしか
	16;無さそうね……
	4;500
	15;1;-2;-1
	16;そんなこと、
	4;500
	23;1
	13;0
@172
	1;1;0
	15;1;-2;0
	13;1
	8
	16;当たり前の話じゃないか。
	4;500
@173
	17;1;1
	16;この辺をうろうろしていれば犯人が落ちている
	16;とでも思ったか。
	4;500
@174
	17;0;3
	16;いつもなら、適当に行って戦っていれば
	16;そのうち犯人が居るのよ！
	4;500
@175
	17;1;1
	16;威張れる事じゃないがな。
	7;3
	4;500
	5;0;5
	5;1;5
	13;0
	25
@205
	0
	13;1
@0
	0
entry 14 (256)
@0
	24
	1;0;0
	1;1;0
	15;0;6;8
@50
	15;0;6;8
	16;こんなんじゃ駄目だわ。
	16;次はいつもは行かない方を目指そう……
	4;500
	13;0
@80
	9;500
	13;1
@140
	15;-1;-1;-1
	4;1800
@0
	0
entry 15 (256)
@0
	24
	1;0;0
	1;1;0
	15;1;8;1
@50
	15;1;8;1
	16;さすがの霊夢も今回はお手上げの様だな。
	4;500
	13;0
@80
	9;500
	13;1
@140
	15;-1;-1;-1
	4;1800
@0
	0
entry 20 (256)
@0
	13;0
	7;1
@90
	13;1
	24
	1;0;0
	15;0;0;-1
	23;0
@140
	15;0;-1;-1
	16;何処に行っても花の香りが取れないわね。
	4;500
	15;1;-2;-1
	16;ほんとほんと、
	4;500
	23;1
	13;0
@170
	1;1;0
	15;1;-2;0
	13;1
	8
	16;材料にも肴にも困らなくて良いわね。
	4;500
@171
	17;0;4
	16;何のよ
	4;500
@172
	17;1;1
	16;ジャスミン茶……風のお茶。
	7;4
	4;500
	5;0;5
	5;1;5
	13;0
	25
@202
	0
	13;1
@0
	0
entry 21 (256)
@0
	24
	1;0;0
	1;1;0
	15;0;0;8
@50
	15;0;0;8
	16;ところで……
	16;ジャスミン茶って、何？
	4;500
	13;0
@80
	9;500
	13;1
@140
	15;-1;-1;-1
	4;1800
@0
	0
entry 22 (256)
@0
	24
	1;0;0
	1;1;0
	15;1;8;2
@50
	15;1;8;2
	16;余り熱すぎてもいけないわ。
	16;香りが吹き飛んでしまうもの。
	4;500
	13;0
@80
	9;500
	13;1
@140
	15;-1;-1;-1
	4;1800
@0
	0
entry 23 (256)
@0
	13;0
	7;1
@90
	13;1
	24
	1;0;0
	15;0;6;-1
	23;0
@140
	15;0;-1;-1
	16;うーん。
	4;500
@141
	17;0;6
	16;本格的に行く当てが無くなってきたわ……
	4;500
@142
	17;0;0
	16;これはもう、普段は近寄らない所に行くしか
	16;無さそうね……
	4;500
	15;1;-2;-1
	16;お困りのようね。
	4;500
	23;1
	13;0
@172
	1;1;0
	15;1;-2;0
	13;1
	8
	16;珍しいじゃないの。
	4;500
@173
	17;0;4
	16;適当に飛んで戦っていても、全く手掛かりが
	16;見つからないなんて……
	4;500
@174
	17;0;0
	16;こんな事って今まで無かったわよ。
	4;500
@175
	17;1;1
	16;日和り過ぎたのよ。
	16;花見花見ってね！
	7;4
	4;500
	5;0;5
	5;1;5
	13;0
	25
@205
	0
	13;1
@0
	0
entry 24 (256)
@0
	24
	1;0;0
	1;1;0
	15;0;6;8
@50
	15;0;6;8
	16;こんなんじゃ駄目だわ。
	16;次はいつもは行かない場所を目指そう……
	4;500
	13;0
@80
	9;500
	13;1
@140
	15;-1;-1;-1
	4;1800
@0
	0
entry 25 (256)
@0
	24
	1;0;0
	1;1;0
	15;1;8;1
@50
	15;1;8;1
	16;多分ですけど……
	16;今回の異変は解決する必要は無いと思うわ。
	4;500
	13;0
@80
	9;500
	13;1
@140
	15;-1;-1;-1
	4;1800
@0
	0
entry 30 (256)
@0
	13;0
	7;5
@90
	13;1
	24
	1;0;0
	15;0;0;-1
	23;0
@140
	15;0;-1;-1
	16;あれ？
	16;ここは普通の桜ね。
	4;500
	15;1;-2;-1
	16;冥界まで花の異常は浸透していない、
	4;500
	23;1
	13;0
@170
	1;1;0
	15;1;-2;0
	13;1
	8
	16;だから、ここは平穏なままだ。
	4;500
@171
	17;0;6
	16;桜も咲いているから……
	16;もしかしたらまたあんたらの仕業かと。
	4;500
@172
	17;1;3
	16;見たら判るでしょう？
	16;違うから帰ってよ。
	4;500
	5;0;5
	5;1;5
	5;2;5
	5;3;5
	13;0
	25
@202
	0
	13;1
@0
	0
entry 31 (256)
@0
	24
	1;0;0
	1;1;0
	15;0;0;8
@50
	15;0;0;8
	16;手応えがない。
	16;本当に違うようね。
	4;500
	13;0
@80
	9;500
	13;1
@140
	15;-1;-1;-1
	4;1800
@0
	0
entry 32 (256)
@0
	24
	1;0;0
	1;1;0
	15;1;8;6
@50
	15;1;8;6
	16;何やってるのかしら？
	4;500
@51
	17;1;6
	16;巫女だったら、
	16;さっさと真相に辿り着きなさいよ。
	4;500
	13;0
@81
	9;500
	13;1
@141
	15;-1;-1;-1
	4;1800
@0
	0
entry 40 (256)
@0
	13;0
	7;1
@90
	13;1
	24
	1;0;0
	15;0;0;-1
	23;0
@140
	15;0;-1;-1
	16;何時来ても暗い屋敷ねぇ。
	4;500
	15;1;-2;-1
	16;月の明かりしか取り込まないからね。
	4;500
	23;1
	13;0
@170
	1;1;0
	15;1;-2;0
	13;1
	8
	16;今日は何用？
	4;500
@171
	17;0;4
	16;取りあえず来てみただけ。
	4;500
@172
	17;1;5
	16;花の異変を調べに来たって顔に書いてあるわ！
	7;6
	4;500
	5;0;5
	5;1;5
	13;0
	25
@202
	0
	13;1
@0
	0
entry 41 (256)
@0
	24
	1;0;0
	1;1;0
	15;0;4;8
@50
	15;0;4;8
	16;で？
	16;何も判らないって？
	4;500
@51
	17;0;3
	16;あんたじゃ話にならないわ、
	16;あんたの師匠を呼んで頂戴。
	4;500
	13;0
@81
	9;500
	13;1
@141
	15;-1;-1;-1
	4;1800
@0
	0
entry 42 (256)
@0
	24
	1;0;0
	1;1;0
	15;1;8;0
@50
	15;1;8;0
	16;残念ながら、うちで花のことが判る人は
	16;居ません。
	4;500
	13;0
@80
	9;500
	13;1
@140
	15;-1;-1;-1
	4;1800
@0
	0
entry 50 (256)
@0
	13;0
	7;1
@90
	13;1
	24
	1;0;0
	15;0;6;-1
	23;0
@140
	15;0;-1;-1
	16;流石に湖の上は普段の春と変わらないのね。
	4;500
	15;1;-2;-1
	16;来た来た！
	4;500
	23;1
	13;0
@170
	1;1;0
	15;1;-2;2
	13;1
	8
	16;飛んで火に入るアレな虫が来たわ！
	4;500
@171
	17;0;4
	16;夏じゃなくて春だし。
	4;500
@172
	17;1;3
	16;火じゃなくて氷だろ、って言ってよ！
	7;7
	4;500
	5;0;5
	5;1;5
	13;0
	25
@202
	0
	13;1
@0
	0
entry 51 (256)
@0
	24
	1;0;0
	1;1;0
	15;0;0;8
@50
	15;0;0;8
	16;何処に行っても妖精ばっかでうんざりだわ。
	4;500
	13;0
@80
	9;500
	13;1
@140
	15;-1;-1;-1
	4;1800
@0
	0
entry 52 (256)
@0
	24
	1;0;0
	1;1;0
	15;1;8;2
@50
	15;1;8;2
	16;巫女の癖にフラフラ出歩くんじゃないよ！
	4;500
	13;0
@80
	9;500
	13;1
@140
	15;-1;-1;-1
	4;1800
@0
	0
entry 60 (256)
@0
	13;0
	7;1
@90
	13;1
	24
	1;0;0
	15;0;0;-1
	23;0
@140
	15;0;-1;-1
	16;雲の上まで上がってきても……
	16;何にもヒントになる物はないわ。
	4;500
	15;1;-2;-1
	16;ついに花の異変にー、
	4;500
	23;1
	13;0
@170
	1;1;0
	15;1;-2;5
	13;1
	8
	16;巫女が動くのね。
	16;遅すぎるねぇ。
	4;500
@171
	17;0;4
	16;ああ、こんなのにも言われる始末、
	16;ってあれ？　今日は一人だけ？
	4;500
@172
	17;1;1
	16;今はオフよオフ。
	7;8
	4;500
	5;0;5
	5;1;5
	13;0
	25
@202
	0
	13;1
@0
	0
entry 61 (256)
@0
	24
	1;0;0
	1;1;0
	15;0;4;8
@50
	15;0;4;8
	16;オフでもそんな服着てるのね……
	16;しかも楽器持って。
	4;500
	13;0
@80
	9;500
	13;1
@140
	15;-1;-1;-1
	4;1800
@0
	0
entry 62 (256)
@0
	24
	1;0;0
	1;1;0
	15;1;8;2
@50
	15;1;8;2
	16;一人でも余裕だもん。
	4;500
	13;0
@80
	9;500
	13;1
@140
	15;-1;-1;-1
	4;1800
@0
	0
entry 70 (256)
@0
	13;0
	7;1
@90
	13;1
	24
	1;0;0
	15;0;0;-1
	23;0
@140
	15;0;-1;-1
	16;ここまで、まんべんなく異変が起きているよう
	16;じゃ……何処に行っても同じね。
	4;500
	15;1;-2;-1
	16;鴨が葱しょって～♪
	4;500
	23;1
	13;0
@170
	1;1;0
	15;1;4;2
	8
	13;1
	16;やってくる～
	16;あ～やってくる～♪
	4;500
@171
	17;0;4
	16;鳥が唄う歌じゃないんじゃないの？
	4;500
@172
	17;1;5
	16;唄う歌を選ばないのがプロってもんよ。
	7;9
	4;500
	5;0;5
	5;1;5
	13;0
	25
@202
	0
	13;1
@0
	0
entry 71 (256)
@0
	24
	1;0;0
	1;1;0
	15;0;0;8
@50
	15;0;0;8
	16;花を見るときは、歌を唄うのではなく、
	16;歌を詠う方が素敵だと思わない？
	4;500
	13;0
@80
	9;500
	13;1
@140
	15;-1;-1;-1
	4;1800
@0
	0
entry 72 (256)
@0
	24
	1;0;0
	1;1;0
	15;1;8;2
@50
	15;1;8;2
	16;こんなにお花が咲いてるんだもん。
	16;歌わな負けよ！
	4;500
	13;0
@80
	9;500
	13;1
@140
	15;-1;-1;-1
	4;1800
@0
	0
entry 80 (256)
@0
	13;0
	7;1
@90
	13;1
	24
	1;0;0
	15;0;0;-1
	23;0
@140
	15;0;-1;-1
	16;早くも行く当てが無くなってきた……
	16;一体何処の誰がこんな事してるの？
	4;500
	15;1;-2;-1
	16;さすがの巫女も～
	4;500
	23;1
	13;0
@170
	1;1;0
	15;1;-2;5
	13;1
	8
	16;今回ばかりはお手上げの様ね！
	4;500
@171
	17;0;3
	7;10
	16;当てが無くても最後には真実に辿り着く、
	4;500
@172
	17;0;3
	16;それが巫女よ！
	4;500
@173
	17;1;4
	16;大した自信ね。
	4;500
@174
	17;1;1
	16;ま、私の前に出てくるなんてまんざらでも
	16;無いかも知れないけど。
	4;500
	5;0;5
	5;1;5
	5;2;5
	5;3;5
	13;0
	25
@204
	0
	13;1
@0
	0
entry 81 (256)
@0
	24
	1;0;0
	1;1;0
	15;0;2;8
@50
	15;0;2;8
	16;兎の足でも持って行こうかしら？
	16;幸運のお守りとして。
	4;500
	13;0
@80
	9;500
	13;1
@140
	15;-1;-1;-1
	4;1800
@0
	0
entry 82 (256)
@0
	24
	1;0;0
	1;1;0
	15;1;8;2
@50
	15;1;8;2
	16;巫女がこんな感じじゃあ、
	16;先は長そうねぇ。
	4;500
	13;0
@80
	9;500
	13;1
@140
	15;-1;-1;-1
	4;1800
@0
	0
entry 100 (256)
@0
	13;0
	7;18
@90
	13;1
	24
	1;0;0
	15;0;7;-1
	23;0
@140
	15;0;-1;-1
	16;こんな所に池なんて有ったっけ？
	4;500
@141
	17;0;0
	16;滅多に山の中には入らないしねぇ……
	4;500
@142
	17;0;6
	16;それにしても、蓮の花ですら満開ねぇ。
	16;ほんと、どうしちゃったのかしら。
	4;500
	15;1;-2;-1
	7;-1
	16;神社に人影が無くなってから数時間、
	4;500
@143
	17;1;-1
	16;ついに巫女が動き始めたと思って探しても、
	4;500
@144
	17;1;-1
	16;なかなか見つからないから何処に向かっている
	16;のかと思いきや、
	4;500
@145
	17;1;-1
	16;やっと巫女を発見したわ！
	16;こんな山奥で！
	7;12
	4;500
	23;1
	13;0
@175
	1;1;0
	15;1;-2;2
	13;1
	16;さ、記事にするわよー。
	4;500
@176
	17;0;4
	16;やっとの事で、怪しい妖怪発見。
	4;500
@177
	17;1;1
	16;ほら、私のことは気にせず続けて良いですよ？
	16;さあ。
	4;500
@178
	17;0;0
	16;続けるって言っても……
	16;当ても無く飛んでいただけだし。
	4;500
@179
	17;0;6
	16;どうして花がこんなに咲いてるのかなぁ、
	16;と思ってふらふらしていただけよ。
	4;500
@180
	17;1;6
	16;花ですか……
	16;それは記事にはなりそうにないです。
	4;500
@181
	17;0;4
	16;って、あんたは誰？
	4;500
@182
	17;1;6
	8
	16;遅すぎます……
	4;500
@183
	17;1;0
	16;私はしがない天狗の新聞記者です。
	4;500
@184
	17;1;0
	16;今までも、貴方達の面白い行動は
	16;全て記事にして来ました。
	4;500
@185
	17;1;0
	16;ですから、我々天狗は貴方達の事を
	16;良く知っているのです。
	4;500
@186
	17;0;0
	16;記事にって、最近存在すら見ていないわねぇ。
	16;新聞。
	4;500
@187
	17;1;5
	16;では、先ほども言いましたが続けて頂いて
	16;構いませんよ？
	4;500
@188
	17;1;5
	16;こっそり記事にしますので。
	4;500
@189
	17;0;0
	16;そうね。
	16;思い出したわ。
	4;500
@190
	17;0;5
	16;今、妖怪退治をしている途中だったの。
	4;500
@191
	17;1;0
	16;はあ、
	4;500
@192
	17;0;1
	16;妖怪を見つけたら理由もなく退治している
	16;途中だったのよ。
	4;500
	5;0;5
	5;1;5
	5;2;5
	5;3;5
	13;0
	25
@222
	0
	13;1
@0
	0
entry 101 (256)
@0
	24
	1;0;0
	1;1;0
	15;0;2;8
@50
	15;0;2;8
	16;妖怪退治を仕事としている私の前に
	16;のこのこと現れる方が悪い。
	4;500
@51
	17;1;8
	16;うーん。
	16;隠し撮りしてれば良かったです……
	4;500
@52
	17;0;2
	16;あ、そうだ、あんた、新聞記者なんでしょ？
	16;ってことは情報通なんでしょ？
	4;500
@53
	17;0;5
	16;さあ、この花の異変について判っている事を
	16;教えなさい！
	4;500
@54
	17;1;8
	16;あ、はい。花ですね。
	16;それは花を見れば判ります。
	4;500
@55
	17;1;8
	16;貴方は花以外に
	16;別の異変を感じ取れませんか？
	4;500
@56
	17;0;5
	16;言われなくてもうすうす気づいていたわ。
	4;500
@57
	17;1;8
	16;じゃ、訊かないでくださいよ。
	4;500
@58
	17;0;1
	16;うん、ようやく目的地が見えてきたわね。
	16;私の勘で。
	4;500
	13;0
@88
	9;500
	13;1
@148
	15;-1;-1;-1
	4;1800
@0
	0
entry 102 (256)
@0
	24
	1;0;0
	1;1;0
	15;1;8;2
@50
	15;1;8;2
	16;私と戦っても、
	16;記事にも何にもなりませんよ。
	4;500
	13;0
@80
	9;500
	13;1
@140
	15;-1;-1;-1
	4;1800
@0
	0
entry 120 (256)
@0
	13;0
	7;14
@90
	13;1
	24
	1;0;0
	15;0;0;-1
	23;0
@140
	15;0;-1;-1
	16;そうよね。
	16;花の多さに惑わされてたけど……
	4;500
@141
	17;0;0
	16;他にも二つ異常に増えているものがあるわね。
	4;500
@142
	17;0;5
	16;妖精の異常な多さと……
	4;500
@143
	17;0;6
	16;まぁそれは花に浮かれただけだと思うけど。
	4;500
	15;1;-2;-1
	16;何を生きた人間が……
	4;500
	23;1
	13;0
@173
	1;1;0
	15;1;-2;0
	13;1
	16;墓場でブツブツ言ってんのさ！
	4;500
@174
	17;0;1
	16;それと、異常に幽霊が多い事よ！
	4;500
@175
	17;1;0
	16;死に急ぐ人間に最初の警告だ。
	4;500
@176
	17;1;5
	16;三途の渡し賃は法外だぞ、
	16;神社の賽銭ごときでは渡れない。
	4;500
@177
	17;0;6
	16;渡らないわよ。お金もないし、
	16;ってあんた誰よ。
	4;500
@178
	17;1;0
	8
	16;あたいは三途の川の一級案内人、
	16;小野塚の小町。
	4;500
@179
	17;1;1
	16;彼岸で、三途のタイタニックったあ、
	16;あたいの船の事さ。
	4;500
@180
	17;1;0
	16;生きた人間は滅多に渡らせないが……
	4;500
@181
	17;1;5
	16;渡し賃さえ払えば連れていってもいい、
	16;彼岸への豪華客船で。
	4;500
@182
	17;0;3
	16;だから渡らないってば、
	16;お金もないし。
	4;500
@183
	17;1;7
	16;今なら一割引。
	4;500
@184
	17;0;4
	16;どうでも良い！
	4;500
@185
	17;0;0
	16;私は、花と同時に幽霊の数が異常に
	16;増えていたので、調べに来ただけよ。
	4;500
@186
	17;1;0
	16;幽霊？　花？
	4;500
@187
	17;1;7
	16;ああ、幽霊、幽霊？
	16;幽霊が増えただって？
	4;500
@188
	17;0;3
	16;幽霊よ。花に惑わされてたけど、
	16;よく見たら幽霊だらけじゃないの。
	4;500
@189
	17;1;7
	16;ああ、なんてこと！
	16;よく見ると彼岸花も咲いているし。
	4;500
@190
	17;1;7
	16;それにあの紫の桜も……
	4;500
@191
	17;1;0
	16;いやまあ、見なかった事にする。
	4;500
@192
	17;0;4
	16;するな、
	16;何か知ってそうね。
	4;500
@193
	17;1;4
	16;じゃ、あたいはこれにて……
	16;仕事があるんでねぇ。
	4;500
@194
	17;0;4
	16;もしかして……
	16;あんたが霊達をちゃんと彼岸に渡していない？
	4;500
@195
	17;0;3
	16;あんたがサボっているから、
	16;幻想郷は幽霊だらけなんじゃないの？
	4;500
@196
	17;1;0
	16;そんなに焦って何処に行く～
	16;って彼岸に行くんだけど。
	4;500
@197
	17;0;3
	16;ちゃんと仕事をしなさいよ！
	16;サボってばかりいないで！
	4;500
@198
	17;1;0
	16;判った。
	16;仕事の邪魔をすると言うのなら。
	4;500
@199
	17;1;1
	16;私のタイタニックでお前さんを運んでやる。
	16;半額サービスだ。
	4;500
	5;0;5
	5;1;5
	5;2;5
	5;3;5
	13;0
	25
@229
	0
	13;1
@0
	0
entry 121 (256)
@0
	24
	1;0;0
	1;1;0
	15;0;1;8
@50
	15;0;1;8
	16;さあ、大型客船で幽霊を彼岸まで運びなさいよ
	4;500
@51
	17;1;8
	16;あたいを倒したって……
	16;こんな大量の幽霊、
	4;500
@52
	17;1;8
	16;仕事の許容量がオーバーしてるから無理よ～
	4;500
@53
	17;0;4
	16;どうやら落ちこぼれのようね。
	16;いいわ、あんたのボスを呼んで頂戴！
	4;500
@54
	17;1;8
	16;ああ、それは困るわー
	4;500
	15;-1;7;7
	16;何サボってるの！　小町！
	4;500
@55
	17;1;8
	16;きゃん！
	4;500
@56
	17;0;0
	16;来たわね。あんたのボスが。
	4;500
	13;0
@86
	9;500
	13;1
@146
	15;-1;-1;-1
	4;1800
@0
	0
entry 122 (256)
@0
	24
	1;0;0
	1;1;0
	15;1;8;4
@50
	15;1;8;4
	16;半額すら払えそうにないな。
	16;というかお前さんはお金を持っているのか？
	4;500
	13;0
@80
	9;500
	13;1
@140
	15;-1;-1;-1
	4;1800
@0
	0
entry 130 (256)
@0
	13;0
	7;18
@90
	13;1
	24
	1;0;0
	15;1;0;-1
	23;0
@140
	15;1;-1;-1
	16;小町が何時まで経っても霊を運んでこないから
	16;様子を見に来れば……
	4;500
@141
	17;1;-1
	16;此岸は幽霊だらけ花だらけ、
	4;500
@142
	17;1;-1
	16;挙げ句の果てに小町は巫女とお戯れ。
	4;500
	23;1
	13;0
@172
	1;1;0
	15;1;-2;0
	13;1
	16;あ～あ。小町を最初に見たときは
	16;もっと真面目な奴だと思ってたのに。
	4;500
@173
	17;0;3
	16;あんたは……さっきの死神のボスよね。
	16;この花の異常はあんたらがやったんでしょ？
	4;500
@174
	17;1;0
	8
	16;今の無縁の霊達は、自分たちが死んだことに
	16;気が付いていない。気が付きたくないの。
	4;500
@175
	17;1;6
	16;そういう霊は不安定だわ。
	16;だからどうしても体を持ちたがる。
	4;500
@176
	17;1;0
	16;行き場を失った霊は花を依り所にするの。
	16;だから花が咲いたのね。
	4;500
@177
	17;1;0
	16;そう、今の幽霊は外の人。
	16;死を予期できなかった無念の霊。
	4;500
@178
	17;0;7
	16;もしかして、この花全てが……
	16;外の人間の霊って事？
	4;500
@179
	17;1;0
	16;花は性格、つまり魂の質を表す植物、
	16;だから霊とは相性が良いのよ。
	4;500
@180
	17;1;2
	16;向日葵には明るかった人間の霊が宿り、
	4;500
@181
	17;1;6
	16;彼岸花には友人のいない寂しい霊が宿る。
	4;500
@182
	17;1;0
	16;そして、紫の桜は……
	4;500
@183
	17;0;0
	16;そう……判ったわ。
	4;500
@184
	17;0;6
	16;花自体が何かする訳ではなく、行き場の失った
	16;幽霊が増えすぎた事が、
	4;500
@185
	17;0;0
	16;この花の異変の原因なのね。
	4;500
@186
	17;0;3
	7;-1
	16;そうと判れば、あんたらに何とかして貰わな
	16;いと困るわ。私じゃどうにもならないし。
	4;500
@187
	17;1;5
	16;そう？　私達は困らないし、
	16;貴方もそんなに困らないでしょう？
	4;500
@188
	17;1;0
	16;それに、幽霊だって花さえ咲かせれば、まだ
	16;生きているつもりでいられるんだから……
	4;500
@189
	17;1;0
	16;少しくらい放っておいても良いじゃない。
	4;500
@190
	17;0;3
	16;そういう問題じゃないのよ！
	4;500
@191
	17;0;3
	16;異変を放っておくと、私がサボっている
	16;様に見られるんだから！
	4;500
@192
	17;0;5
	16;つべこべ言わずに、あんたらを倒せば
	16;元に戻るんでしょう？
	4;500
@193
	17;1;0
	7;15
	28;1
	16;貴方は大した理由もなく大勢の妖怪を
	16;退治してきた。
	4;500
@194
	17;1;6
	16;妖怪では無い者も退治した事も少なくない。
	4;500
@195
	17;1;6
	16;さらに巫女なのに神と交流をしない。
	16;時には神に牙をむく事もある。
	4;500
@196
	17;1;0
	16;そう、貴方は少し業が深すぎる。
	4;500
@197
	17;0;6
	16;ん……
	4;500
@198
	17;1;0
	16;このままでは、死んでも地獄にすら行けない
	4;500
@199
	17;0;4
	16;そ、地獄に行けなければあの世に行くまでよ
	4;500
@200
	17;1;3
	16;閻魔の裁きはそんな易しいものでは無い。
	16;決定を覆すことは不可能よ。
	4;500
@201
	17;1;5
	16;もし私が裁きを担当すれば、貴方は非ね。
	4;500
@202
	17;0;3
	16;失礼ね！
	16;妖怪退治は仕事だもの、仕方が無いじゃないの
	4;500
@203
	17;1;6
	16;泥棒だって人殺しだって、戦争だって、
	16;それが仕事の人もいる。
	4;500
@204
	17;1;0
	16;仕事だから、は罪の免罪符にはならないのよ。
	4;500
@205
	17;1;0
	16;少しでも罪を減らすために、これから善行を
	16;積む必要がある。
	4;500
@206
	17;0;0
	16;そう、
	16;貴方を倒して花を戻してから考えるわ。
	4;500
@207
	17;1;5
	16;紫の桜は、罪深い人間の霊が宿る花。
	4;500
@208
	17;1;1
	16;貴方はその紫の桜が降りしきる下で、
	16;断罪するがいい！
	4;500
	5;0;5
	5;1;5
	5;2;5
	5;3;5
	13;0
	25
@238
	0
	13;1
@0
	0
entry 131 (256)
@0
	4;500
	13;0
	9;0
	13;1
@2
	4;1800
	14
@301
	0
@0
	0
entry 132 (256)
@0
	24
	1;0;0
	1;1;0
	15;1;8;0
@50
	15;1;8;0
	16;どう？　懲りた？
	4;500
@51
	17;1;5
	16;でも貴方の罪はこんなに少ない物ではないわ
	16;もっともっと悔い改める必要がある。
	4;500
	13;0
@81
	9;500
	13;1
@141
	15;-1;-1;-1
	4;1800
@0
	0
entry 200 (256)
@0
	23;0
	23;1
	25
@20
	0
@0
	0
entry 201 (256)
@0
	23;0
	23;1
	25
@20
	0
@0
	0
