entry 0 (256)
@0
	9;0
	3
	1;0
@4
	12;6
	7
@34
	9;1
	16;落ち葉で視界が良くないわね
	16;こんな調子で山に立ち入って大丈夫かしら？
	10;600
@38
	12;0
	7
	16;あれ？
	16;何だか美味しそうな匂いが……
	10;600
@42
	9;0
	11
	8
	16;巫女の癖に神を喰べようだなんて
@102
	2;0
	9;1
@106
	13;3
	8
	16;笑止千万、不届き千万！
	10;600
@110
	12;4
	7
	16;誰が喰べるって言ったのよ
	16;でも、美味しそうな匂いは貴方の匂い？
@114
	10;600
@118
	13;0
	8
	19
	16;神様たる物、身に纏う香りも気を付けないと
	16;あ、ちなみに私は豊穣の神ね
@122
	10;600
@126
	12;1
	7
	16;うーん、生焼き芋の香り
@130
	10;600
@134
	13;3
	8
	16;収穫したてのお芋は私の香水
	16;巫女に喰べられてたまるもんですか！
@138
	10;600
	18
	4
	5
	6
	9;0
@168
	0
@0
	0
entry 1 (256)
@0
	9;0
	3
	1;0
	7
	12;6
@30
	9;1
	16;いやはや、神様はピンキリねぇ。うちの神は
	16;こんなのよりも力がないのかしら？
	10;600
@34
	12;0
	7
@38
	12;0
	16;おっと、こんな所で芋焼いている
	16;場合じゃないわ
	10;600
@42
	12;2
	7
	16;先を急ごうっと
	10;600
	21
	9;0
@102
	20
	4
	6
	9;0
@132
	0
@0
	0
