entry 0 (256)
@0
	9;0
	3
	1;0
@4
	12;6
	7
@34
	9;1
	16;しょっぱなから気持ち悪いなぁ
	10;600
@38
	12;0
	7
	16;ここら辺の空気が重い……
	16;昼なのに光も届かないし
	10;600
@42
	9;0
	11
	8
	16;あらあらまだ居たの？
@102
	2;0
	9;1
@106
	13;0
	8
	10;600
@110
	13;0
	8
	16;さっき追い返したつもりだったのに
	10;600
@114
	12;6
	7
	16;いつ？
@118
	10;600
@122
	13;6
	8
	19
	16;まぁいつだって良いんだけどー
	16;私は迷い込んだ人間を追い返しているの
@126
	10;600
@130
	12;5
	7
	16;迷い込んではいないわよ
	16;私は山へ行きたいんだから
@134
	10;600
@138
	13;0
	8
	16;人間が山に入ってどうするのよ
	16;危ないわよ？
@142
	10;600
@146
	12;1
	7
	16;邪魔をするなら敵と見なすわよ
@150
	10;600
@154
	13;0
	8
	16;私は人間の味方
	16;人間の厄を受けて、神々に渡しているの
@158
	10;600
@162
	13;1
	8
	16;なんなら、
	16;貴方の厄災も全て引き受けましょうか？
@166
	10;600
@170
	12;3
	7
	16;妖怪は私の敵
	16;あんたは妖怪
@174
	10;600
@178
	13;6
	8
	16;あっ、そう！
@182
	10;600
	18
	4
	5
	6
	9;0
@212
	0
@0
	0
entry 1 (256)
@0
	9;0
	3
	1;0
	12;6
	2;0
	8
	13;8
@30
	9;1
	16;私は親切に追い返そうとしただけなのに……
	10;600
@34
	12;6
	7
	16;追い返されること自体が親切じゃないのよ
	10;600
@38
	13;8
	8
	16;これから先は神々の住む世界
@42
	10;600
@46
	13;8
	8
	16;後悔するよ
	16;人間の行く所じゃないわ
@50
	10;600
@54
	12;0
	7
	16;あっそう
	16;次はやっと妖怪の山に入るのね
@58
	10;600
	21
	9;0
@118
	20
	4
	5
	6
	9;0
@148
	0
@0
	0
