entry 0 (256)
@0
	9;0
	3
	1;0
@4
	12;6
	7
@34
	9;1
	16;こうやって闘いながら進むと
	16;山は遠いんだな
	10;600
@38
	12;0
	7
	16;山に辿り着く前に円周率を暗唱出来そうだ
	10;600
@42
	9;0
	11
	8
	16;あらあらまだ居たの？
@102
	2;0
	9;1
@106
	13;0
	8
	10;600
@110
	12;5
	7
	16;産医師異国に向こう……
	16;……御社に蟲さんざん
	10;600
@114
	13;6
	8
	16;何の呪文よ
	10;600
@118
	12;0
	7
	16;誰だ？
	16;見ない顔だな
@122
	10;600
@126
	13;0
	8
	19
	16;さっきも会ったけど
	16;私はここで厄を集めているの
@130
	10;600
@134
	12;6
	7
	16;それはえんがちょだな
@138
	10;600
@142
	13;6
	8
	16;えんがちょの向こう側に私が居るから
	16;人間は平和に暮らせるのよ
@146
	10;600
@150
	13;0
	8
	16;山は人間の立ち入る所じゃない
@154
	10;600
@158
	12;0
	7
	16;これから盛大に盛り上がってくる所だぜ
	16;邪魔するな
@162
	10;600
@166
	13;1
	8
	16;あらゆる厄災が降りかかるわよ
	16;人間を守る為にも行かせるものか！
@170
	10;600
	18
	4
	5
	6
	9;0
@200
	0
@0
	0
entry 1 (256)
@0
	9;0
	3
	1;0
	12;6
	2;0
	8
	13;8
@30
	9;1
	16;うーん
	10;600
@34
	12;6
	7
	16;……御社に蟲さんざん……
	16;この続き、何だっけ？
@38
	10;600
@42
	13;8
	8
	16;何言ってるのか判らないわよ
	16;山に行きたいってあんた本当に人間なの？
@46
	10;600
@50
	12;0
	7
	16;神社が蟲だらけになって……
	16;ま、そうやって円周率を憶えるのが人間だ
@54
	10;600
@58
	12;2
	7
	16;故に人間だぜ
@62
	10;600
	21
	9;0
@122
	20
	4
	5
	6
	9;0
@152
	0
@0
	0
