entry 200 (256)
@0
	23;0
	23;1
	25
@20
	0
@0
	0
entry 201 (256)
@0
	23;0
	23;1
	25
@20
	0
@0
	0
entry 0 (256)
@0
	13;0
	7;1
@90
	13;1
	24
	1;0;0
	15;0;0;-1
	23;0
@140
	15;0;-1;-1
	16;竹林ですら花だらけね。
	4;500
	15;1;-2;-1
	16;そうやって花を見ているところを見ると、
	4;500
	23;1
	13;0
@170
	1;1;0
	15;1;-2;4
	13;1
	8
	16;どうやらあんたも探っているみたいね。
	4;500
@171
	17;0;7
	16;何を？
	16;花の異変の事？
	4;500
@172
	17;0;5
	16;さっぱり見当付かないからねぇ。
	4;500
@173
	17;1;5
	16;でも、私はもしかしたら判ったかも知れない。
	7;2
	4;500
	5;0;5
	5;1;5
	13;0
	25
@203
	0
	13;1
@0
	0
entry 1 (256)
@0
	24
	1;0;0
	1;1;0
	15;0;2;8
@50
	15;0;2;8
	16;そう、私が勝ったから貴方の情報を頂くわ。
	4;500
	13;0
@80
	9;500
	13;1
@140
	15;-1;-1;-1
	4;1800
@0
	0
entry 2 (256)
@0
	24
	1;0;0
	1;1;0
	15;1;8;0
@50
	15;1;8;0
	16;竹の花が咲く時は、幻想郷中の花が咲くとき
	16;だって事ね。
	4;500
	13;0
@80
	9;500
	13;1
@140
	15;-1;-1;-1
	4;1800
@0
	0
entry 10 (256)
@0
	13;0
	7;1
@90
	13;1
	24
	1;0;0
	15;0;0;-1
	23;0
@140
	15;0;-1;-1
	16;竹の花かぁ、そういえば前に咲いたのは
	16;何時の話だったかしら。思い出せない……
	4;500
	15;1;-2;-1
	16;竹の花かぁ。
	4;500
	23;1
	13;0
@170
	1;1;0
	15;1;-2;0
	13;1
	8
	16;天然物が一斉に咲いたのは初めて見るぜ。
	4;500
@171
	17;0;0
	16;それは、６０年に一度と言われているの
	16;ですから。
	4;500
@172
	17;1;5
	16;長生きしないとな。
	7;3
	4;500
	5;0;5
	5;1;5
	13;0
	25
@202
	0
	13;1
@0
	0
entry 11 (256)
@0
	24
	1;0;0
	1;1;0
	15;0;1;8
@50
	15;0;1;8
	16;ここは私達の土地。
	16;地の利がある私に勝てるはずが無い。
	4;500
	13;0
@80
	9;500
	13;1
@140
	15;-1;-1;-1
	4;1800
@0
	0
entry 12 (256)
@0
	24
	1;0;0
	1;1;0
	15;1;8;1
@50
	15;1;8;1
	16;６０年後、
	16;またこんな花が見られるのか心配だぜ。
	4;500
	13;0
@80
	9;500
	13;1
@140
	15;-1;-1;-1
	4;1800
@0
	0
entry 20 (256)
@0
	13;0
	7;1
@90
	13;1
	24
	1;0;0
	15;0;6;-1
	23;0
@140
	15;0;-1;-1
	16;花も一斉に咲くと、風流でも何でもないわね。
	4;500
	15;1;-2;-1
	16;あら、これはこれで面白いのよ。
	4;500
	23;1
	13;0
@170
	1;1;0
	15;1;-2;0
	13;1
	8
	16;植物を使ったお菓子やお茶なんかも
	16;作り放題だし。
	4;500
@171
	17;0;5
	16;そう、植物を使った毒薬も作り放題ね。
	4;500
@172
	17;1;0
	16;そうそう、使い放題ね。
	7;4
	4;500
	5;0;5
	5;1;5
	13;0
	25
@202
	0
	13;1
@0
	0
entry 21 (256)
@0
	24
	1;0;0
	1;1;0
	15;0;1;8
@50
	15;0;1;8
	16;毒性のある花も少なくないわね。
	16;これは異変とは関係ないと思うけど。
	4;500
	13;0
@80
	9;500
	13;1
@140
	15;-1;-1;-1
	4;1800
@0
	0
entry 22 (256)
@0
	24
	1;0;0
	1;1;0
	15;1;8;1
@50
	15;1;8;1
	16;毒のある花って他に何処に咲いてましたっけ？
	4;500
	13;0
@80
	9;500
	13;1
@140
	15;-1;-1;-1
	4;1800
@0
	0
entry 30 (256)
@0
	13;0
	7;5
@90
	13;1
	24
	1;0;0
	15;0;0;-1
	23;0
@140
	15;0;-1;-1
	16;ここに来るのは初めてね……
	4;500
	15;1;-2;-1
	16;誰かしら。
	4;500
	23;1
	13;0
@170
	1;1;0
	15;1;-2;7
	13;1
	8
	16;あら、随分と早くお亡くなりになったことで。
	4;500
@171
	17;0;4
	16;死んでないってば。
	4;500
@172
	17;1;2
	16;死にに来たのかしら。
	4;500
@173
	17;0;0
	16;ここの花は普通なんですね……
	16;何か意味があるのかしら。
	4;500
	5;0;5
	5;1;5
	5;2;5
	5;3;5
	13;0
	25
@203
	0
	13;1
@0
	0
entry 31 (256)
@0
	24
	1;0;0
	1;1;0
	15;0;1;8
@50
	15;0;1;8
	16;折角だから倒してみたけど、
	16;深い意味は無いですよ。
	4;500
	13;0
@80
	9;500
	13;1
@140
	15;-1;-1;-1
	4;1800
@0
	0
entry 32 (256)
@0
	24
	1;0;0
	1;1;0
	15;1;8;1
@50
	15;1;8;1
	16;そう、この世の花について調べているのね。
	16;私も調べたいから何か知っている事を教えて。
	4;500
	13;0
@80
	9;500
	13;1
@140
	15;-1;-1;-1
	4;1800
@0
	0
entry 50 (256)
@0
	13;0
	7;1
@90
	13;1
	24
	1;0;0
	15;0;0;-1
	23;0
@140
	15;0;-1;-1
	16;湖の上なら、少しは妖精が少ないみたいね。
	4;500
	15;1;-2;-1
	16;そうは問屋が、
	4;500
	23;1
	13;0
@170
	1;1;0
	15;1;-2;2
	13;1
	8
	16;凍死するよ！
	4;500
@171
	17;0;4
	16;そうでもないみたい。
	16;結局、妖精は騒ぎ放題ね。
	4;500
@172
	17;1;5
	16;こんなに花が咲いているんだもん。
	16;６０年に一度のお祭りさ！
	7;7
	4;500
	5;0;5
	5;1;5
	13;0
	25
@202
	0
	13;1
@0
	0
entry 51 (256)
@0
	24
	1;0;0
	1;1;0
	15;0;0;8
@50
	15;0;0;8
	16;妖精が暴れ回るのも仕方がないわ。
	16;この異変は恐怖も感じないし、おかしいもの。
	4;500
	13;0
@80
	9;500
	13;1
@140
	15;-1;-1;-1
	4;1800
@0
	0
entry 52 (256)
@0
	24
	1;0;0
	1;1;0
	15;1;8;2
@50
	15;1;8;2
	16;凍死！凍死！
	4;500
	13;0
@80
	9;500
	13;1
@140
	15;-1;-1;-1
	4;1800
@0
	0
entry 60 (256)
@0
	13;0
	7;1
@90
	13;1
	24
	1;0;0
	15;0;0;-1
	23;0
@140
	15;0;-1;-1
	16;風が気持ちいいわ。
	16;体に染みついた花の匂いも取れそう。
	4;500
	15;1;-2;-1
	16;ああ、聞き慣れない音が～
	4;500
	23;1
	13;0
@170
	1;1;0
	15;1;-2;6
	13;1
	8
	16;あなたが発する音は波長が独特すぎて
	16;頭が痛くなりそうよ。
	4;500
@171
	17;0;7
	16;なんかよく分からないけど失礼ね。
	4;500
@172
	17;1;5
	16;光の波長を弄れば幻視。
	16;音の波長を弄れば幻聴なのよ～
	7;8
	4;500
	5;0;5
	5;1;5
	13;0
	25
@202
	0
	13;1
@0
	0
entry 61 (256)
@0
	24
	1;0;0
	1;1;0
	15;0;0;8
@50
	15;0;0;8
	16;あー、五月蠅かった。
	16;雲の上なら妖精も少なくて静かだと思ったのに
	4;500
	13;0
@80
	9;500
	13;1
@140
	15;-1;-1;-1
	4;1800
@0
	0
entry 62 (256)
@0
	24
	1;0;0
	1;1;0
	15;1;8;2
@50
	15;1;8;2
	16;幻想の音と幻聴はかなり違う。
	16;チューニングしてから出直してね！
	4;500
	13;0
@80
	9;500
	13;1
@140
	15;-1;-1;-1
	4;1800
@0
	0
entry 70 (256)
@0
	13;0
	7;1
@90
	13;1
	24
	1;0;0
	15;0;0;-1
	23;0
@140
	15;0;-1;-1
	16;何処に向かえばよいのやら、
	16;この辺は人攫いが多いって聞いたけど……
	4;500
	15;1;-2;-1
	16;すすめ～すすめ～
	4;500
	23;1
	13;0
@170
	1;1;0
	15;1;-2;2
	13;1
	8
	15;1;4;2
	16;兵隊すすめ～♪
	4;500
@171
	17;0;6
	16;人攫いの正体は貴方ね。
	4;500
@172
	17;1;6
	16;兎は攫っても面白くな～い。
	7;9
	4;500
	5;0;5
	5;1;5
	13;0
	25
@202
	0
	13;1
@0
	0
entry 71 (256)
@0
	24
	1;0;0
	1;1;0
	15;0;5;8
@50
	15;0;5;8
	16;音の波長を調整すれば……
	16;ほら貴方の声なんて聞こえなくなりました。
	4;500
	13;0
@80
	9;500
	13;1
@140
	15;-1;-1;-1
	4;1800
@0
	0
entry 72 (256)
@0
	24
	1;0;0
	1;1;0
	15;1;8;2
@50
	15;1;8;2
	16;ちなみにさっきの歌は徴兵の歌。
	16;人攫いの歌よ～
	4;500
	13;0
@80
	9;500
	13;1
@140
	15;-1;-1;-1
	4;1800
@0
	0
entry 80 (256)
@0
	13;0
	7;1
@90
	13;1
	24
	1;0;0
	15;0;0;-1
	23;0
@140
	15;0;-1;-1
	16;あの子は何処に行ったのかしら？
	16;良く勝手にどっかに行っちゃうんだから。
	4;500
	15;1;-2;-1
	16;兎西向きゃ尾は東～
	4;500
	23;1
	13;0
@170
	1;1;0
	15;1;-2;7
	13;1
	8
	7;10
	16;って、ああ！
	4;500
@171
	17;0;4
	16;見つけたわ。
	16;勝手にほっつき歩いて何をしていたの！
	4;500
@172
	17;1;6
	16;いやまぁほら……
	16;逃げ出した兎を追っていたの。
	4;500
@173
	17;0;3
	16;嘘おっしゃい。
	16;どうせ花を見て浮かれていたんでしょ？
	4;500
	5;0;5
	5;1;5
	5;2;5
	5;3;5
	13;0
	25
@203
	0
	13;1
@0
	0
entry 81 (256)
@0
	24
	1;0;0
	1;1;0
	15;0;0;8
@50
	15;0;0;8
	16;花のことは私に任せて、貴方はお家で大人しく
	16;していなさい。
	4;500
	13;0
@80
	9;500
	13;1
@140
	15;-1;-1;-1
	4;1800
@0
	0
entry 82 (256)
@0
	24
	1;0;0
	1;1;0
	15;1;8;2
@50
	15;1;8;2
	16;今忙しいのでこれにて、
	16;じゃあね～
	4;500
	13;0
@80
	9;500
	13;1
@140
	15;-1;-1;-1
	4;1800
@0
	0
entry 110 (256)
@0
	13;0
	7;18
@90
	13;1
	24
	1;0;0
	15;0;7;-1
	23;0
@140
	15;0;-1;-1
	16;あらこんなところに鈴蘭が咲いているなんて、
	4;500
@141
	17;0;2
	16;家に帰ったら師匠に教えるわ。
	4;500
	15;1;-2;-1
	7;-1
	16;鈴蘭の毒は心の毒。
	4;500
	23;1
	13;0
@171
	1;1;0
	15;1;-2;5
	13;1
	7;13
	28;1
	16;毒薬でも作るつもりなのかしら？
	4;500
@172
	17;0;6
	16;誰？
	16;毒薬も作ると思うけど。
	4;500
@173
	17;1;0
	8
	16;私はメディスン。
	16;ここに住んでいるの。
	4;500
@174
	17;0;0
	16;こんな毒の強いところに住んでいるなんて、
	4;500
@175
	17;0;6
	16;そういうマニアかなんかなのね。
	4;500
@176
	17;1;4
	16;肉体に何で毒が効くか判る？
	4;500
@177
	17;1;0
	16;それはね。
	16;躰は毒の命令で動いているからよ。
	4;500
@178
	17;1;2
	16;毒も少量のうちは、命令通りに動く。
	4;500
@179
	17;1;6
	16;でも大量の毒を喰らうと、命令が暴走して
	16;自滅していく。
	4;500
@180
	17;1;1
	16;躰は毒で出来ていると言っても過言ではないわ
	4;500
@181
	17;0;0
	16;そうなんですか。
	16;その辺は私の師匠の方が詳しそうですが。
	4;500
@182
	17;1;0
	16;生きているだけで罪だとよく言われるのは、
	16;躰が毒で出来ているからなのよ。
	4;500
@183
	17;1;5
	16;だから私は穢れのない生を手に入れた！
	4;500
@184
	17;0;6
	16;はあ、それはどういう事でしょう？
	16;……ってどんどん具合が悪くなってきたかも
	4;500
@185
	17;1;0
	16;私は捨てられた人形。
	16;ここは毒が充満した丘。
	4;500
@186
	17;1;1
	16;毒の躰を持っていない人形に
	16;毒は効かないのさ！
	4;500
	5;0;5
	5;1;5
	5;2;5
	5;3;5
	13;0
	25
@216
	0
	13;1
@0
	0
entry 111 (256)
@0
	24
	1;0;0
	1;1;0
	15;0;6;8
@50
	15;0;6;8
	16;早くここから脱出しないと……
	4;500
@51
	17;1;8
	16;あいたたた、もー
	16;貴方は何をしにここに来たの？
	4;500
@52
	17;0;0
	16;さあ、花の咲いている場所を順に辿っていた
	16;だけなんですけど。
	4;500
@53
	17;1;8
	16;ここの鈴蘭は渡しませんよ？
	4;500
@54
	17;0;6
	16;色々花を見ているうちに、異変なんてどうでも
	16;良くなってきたわ……
	4;500
	13;0
@84
	9;500
	13;1
@144
	15;-1;-1;-1
	4;1800
@0
	0
entry 112 (256)
@0
	24
	1;0;0
	1;1;0
	15;1;8;2
@50
	15;1;8;2
	16;幸せね。
	16;毒に囲まれて死ねるなんて。
	4;500
	13;0
@80
	9;500
	13;1
@140
	15;-1;-1;-1
	4;1800
@0
	0
entry 120 (256)
@0
	13;0
	7;14
@90
	13;1
	24
	1;0;0
	15;0;0;-1
	23;0
@140
	15;0;-1;-1
	16;ここもまた……
	16;毒のある花が咲いているわね。
	4;500
@141
	17;0;0
	16;さっきの人形が言っていたように
	4;500
@142
	17;0;1
	16;躰が毒ならば、毒のある花は躰を意味する……
	16;のかもしれないわ。
	4;500
	15;1;-2;-1
	16;こら！
	16;まだまだ死ぬには早すぎる！
	4;500
@143
	17;0;7
	16;誰か居たの？
	4;500
	23;1
	13;0
@173
	1;1;0
	15;1;-2;0
	13;1
	8
	16;あたいは三途の川の一級案内人、
	16;小野塚の小町。
	4;500
@174
	17;1;6
	16;ここ無縁塚は、お前みたいな自ら命を絶とうと
	16;いう愚か者が良く来て困るよ。
	4;500
@175
	17;0;3
	16;誰が死にたがりですか。
	4;500
@176
	17;0;0
	16;私は花が咲いている場所を辿っているだけです
	4;500
@177
	17;1;6
	16;無縁塚の花なんて……
	4;500
@178
	17;1;7
	16;って、彼岸花が咲いている？
	16;あー？
	4;500
@179
	17;1;4
	16;何でー？
	16;季節はどうなっちゃったのー
	4;500
@180
	17;0;6
	16;今は一応春です。
	16;貴方は異変に気が付いてなかったのですか？
	4;500
@181
	17;1;0
	16;そ、そう。
	4;500
@182
	17;1;4
	16;じゃ、あたいは忙しいのでこれにて。
	4;500
@183
	17;0;5
	16;待て、なんか知ってそうね。
	4;500
@184
	17;1;4
	16;いや、あたいは仕事に戻らないと……
	16;花が見つかると怒られるので。
	4;500
@185
	17;0;0
	16;怪しすぎる……
	16;仕事に戻るのも説明してからにしてよ。
	4;500
@186
	17;1;3
	16;生きている妖怪の癖にうだうだ五月蠅い！
	4;500
@187
	17;1;0
	16;花は死んだ外の人間の苟且の躰。
	16;私の仕事は、死んだ人間を彼岸に送ること。
	4;500
@188
	17;1;1
	16;つまり、お前が私の仕事を邪魔する事が
	16;花の異変に繋がるんだよ！
	4;500
@189
	17;0;4
	16;自分から出てきた癖に
	16;逆ギレされてもねぇ。
	4;500
	5;0;5
	5;1;5
	5;2;5
	5;3;5
	13;0
	25
@219
	0
	13;1
@0
	0
entry 121 (256)
@0
	24
	1;0;0
	1;1;0
	15;0;0;8
@50
	15;0;0;8
	16;仕事の邪魔って、
	16;貴方の方から出てきたんでしょう？
	4;500
@51
	17;0;4
	16;貴方は自分でサボっているだけじゃないの
	4;500
	15;-1;7;7
	16;何サボってるの！　小町！
	4;500
@52
	17;1;8
	16;きゃん！
	4;500
@53
	17;0;0
	16;ほら、お偉いさんが
	16;サボっている貴方を叱りに来たみたいよ？
	4;500
	13;0
@83
	9;500
	13;1
@143
	15;-1;-1;-1
	4;1800
@0
	0
entry 122 (256)
@0
	24
	1;0;0
	1;1;0
	15;1;8;0
@50
	15;1;8;0
	16;さてと、仕事仕事、
	16;遊んでたら怒られるわ。
	4;500
	13;0
@80
	9;500
	13;1
@140
	15;-1;-1;-1
	4;1800
@0
	0
entry 130 (256)
@0
	13;0
	7;18
@90
	13;1
	24
	1;0;0
	15;1;0;-1
	23;0
@140
	15;1;-1;-1
	16;小町が何時まで経っても霊を運んでこないから
	16;様子を見に来れば……
	4;500
@141
	17;1;-1
	16;妖怪とお戯れで、全く仕事をしていない。
	4;500
@142
	17;1;-1
	16;それにこんなに花が咲いてしまっている。
	4;500
	23;1
	13;0
@172
	1;1;0
	15;1;-2;0
	13;1
	16;あ～あ。小町を最初に見たときは
	16;もっと真面目な奴だと思ってたのに。
	4;500
@173
	17;0;0
	16;って、貴方は何者ですか？
	4;500
@174
	17;1;5
	8
	16;私は罪を裁く者、
	16;地獄の閻魔様よ。
	4;500
@175
	17;0;7
	16;なんと閻魔様！
	16;閻魔様がわざわざ此岸まで来るなんて……
	4;500
@176
	17;0;6
	16;もしかして非常事態ですか？
	4;500
@177
	17;1;5
	16;非常事態？
	16;そんな大層なものじゃないわ。
	4;500
@178
	17;1;2
	16;小町から新しい霊が送られてこないから暇
	16;だったの。
	4;500
@179
	17;1;0
	16;小町は私の元に来る霊の案内担当よ。
	4;500
@180
	17;1;1
	16;そしたら幻想郷には幽霊だらけじゃないの
	16;ああ、小町がサボっていたのね、と。
	4;500
@181
	17;0;6
	16;幽霊……ですか？
	16;そういえば花だけでなく幽霊も多いのかな？
	4;500
@182
	17;1;5
	16;後で小町にはお仕置きを与えるから、
	16;そうすれば幻想郷は元通りになるでしょう。
	4;500
@183
	17;0;4
	16;そうですか、では私はこれで……
	4;500
@184
	17;1;2
	7;-1
	16;うふふ、ちょっと待ちなさい。
	16;貴方には言いたいことがあるわ。
	4;500
@185
	17;0;4
	16;あー
	16;やっぱり閻魔様は……
	4;500
@186
	17;1;5
	16;何かしら？
	16;説教ばっかりとでも言うの？
	4;500
@187
	17;0;6
	16;判りました。
	16;聞きますって。
	4;500
@188
	17;1;0
	16;貴方は大きな罪を負っている。
	4;500
@189
	17;1;0
	16;仲間を見捨て、見殺しにし、
	16;貴方は一人だけのほほんと暮らしている。
	4;500
@190
	17;1;1
	7;15
	28;1
	16;そう、貴方は少し自分勝手過ぎる。
	4;500
@191
	17;0;0
	16;……
	4;500
@192
	17;1;0
	16;今のまま過去の罪を精算せずに
	16;亡くなると……
	4;500
@193
	17;1;6
	16;貴方は確実に地獄に堕ちるでしょう。
	4;500
@194
	17;1;0
	16;もし私が裁きを担当したとしても、
	16;貴方を地獄に落とします。
	4;500
@195
	17;0;7
	16;地獄ですって！
	16;今は真面目に頑張っているって言うのに！
	4;500
@196
	17;1;3
	16;今頑張っても、過去の罪と向き合って
	16;居なければ全く意味がないのです。
	4;500
@197
	17;1;0
	16;時間だけでは罪を清算しない。
	16;罪は裁かれて初めて清算できるのです。
	4;500
@198
	17;1;5
	16;その為に、私が居るのですよ。
	4;500
@199
	17;0;6
	16;地獄には行きたくありません！
	16;何とかならないものでしょうか。
	4;500
@200
	17;1;0
	16;反省だけでは駄目、
	16;後悔なんて以ての外。
	4;500
@201
	17;1;3
	16;罪を犯すとは、そんな生易しい物ではない
	16;罪は裁き以外では清算出来ないのよ。
	4;500
@202
	17;1;2
	16;でも今からでも地獄に行かないようにする
	16;方法もあるわ。
	4;500
@203
	17;1;1
	16;その為にはまずここで裁かれよ！
	16;月に置いてきた仲間の恨みと共に！
	4;500
	5;0;5
	5;1;5
	5;2;5
	5;3;5
	13;0
	25
@233
	0
	13;1
@0
	0
entry 131 (256)
@0
	4;500
	13;0
	9;0
	13;1
@1
	4;1800
	14
@300
	0
@0
	0
entry 132 (256)
@0
	24
	1;0;0
	1;1;0
	15;1;8;0
@50
	15;1;8;0
	16;まだまだ自分の罪を直視していない。
	16;もっともっとお灸を据えてやる必要があるわ。
	4;500
	13;0
@80
	9;500
	13;1
@140
	15;-1;-1;-1
	4;1800
@0
	0
