entry 0
@0
	1;0;1
	1;1;1
	15;0;5;2;-1;-1
@60
	15;0;5;2;-1;-1
	16;何度も出てきたり逃げたりしていたようだが、
	16;それは焦りか？
@61
	4;60
	13;0
	6
@121
	1;2;2
	13;1
	17;2;5
	16;焦り？
	16;貴方達は愚かねぇ。
	4;500
@122
	17;2;2
	16;ここまで誘導されてきた事にも
	16;気が付かないのかしら。
	4;500
@123
	17;1;9
	16;魔理沙、周りを見て！
	4;500
@124
	17;0;2
	16;見てるって。
	16;何時の間にか外だな。
	4;500
@125
	17;2;2
	16;そう、外よ。
	16;貴方達は永い廊下に導かれてここまで来た。
	8;2;0;永琳
	4;500
@126
	17;2;5
	16;どう？
	16;外の空気は。
	4;500
@127
	17;0;7
	16;というか、空気はあるんだな。
	16;地上の外も。
	4;500
@128
	17;1;8
	16;魔理沙！おかしいわよ。
	16;この月も星も……。
	4;500
@129
	17;0;7
	16;さっきから、魔理沙魔理沙うるさいなぁ。
	16;結局人が居なきゃ何も出来ないのかよ。
	4;500
@130
	17;2;4
	16;ふふふ。
	16;こうやって、月に向う人間を偽の月に繋ぐ。
	4;500
@131
	17;2;2
	16;月と地上を結ぶ道は、私の手によって
	16;切られたわ。
	4;500
@132
	17;2;5
	16;これで、地上人は月に辿り着けない。
	4;500
@133
	17;2;4
	16;そして月の民は、姫を探し出せない。
	4;500
@134
	17;0;8
	16;姫？
	16;そうか、お前達は月の民か。
	4;500
@135
	17;1;7
	16;なんでそう思うの？
	4;500
@136
	17;0;2
	16;狂ってる奴は大抵、月が原因だ。
	16;深い意味は無いぜ。
	4;500
@137
	17;2;5
	16;そう、姫も私も鈴仙も月の生まれよ。
	4;500
@138
	17;2;2
	16;でも、もう帰らない事にしたわ。
	16;ずっと昔にね。
	4;500
@139
	17;0;6
	16;別にあんたらが帰ろうがどうだろうが
	16;関係無いがな。
	4;500
@140
	17;0;6
	16;月の民は、月を見て楽しむ民の事を
	16;考えているのか？
	4;500
@141
	17;2;2
	16;そんなもの……。
	4;500
@142
	17;2;5
	16;地上人も見てるだけなら問題
	16;なかったのに……。
	4;500
@143
	17;2;2
	16;わざわざ月にまで来ようとしたり、
	16;挙句の果てに、
	4;500
@144
	17;2;2
	16;旗を立てて、自分の物だ、みたいに
	16;いう愚かな地上人が出てくる。
	4;500
@145
	17;2;6
	16;そんなだから何時まで経っても、
	16;地上人は下賎なのよ。
	4;500
@146
	17;1;6
	16;ふん。
	16;私達はそんな真似はしてないわ。
	4;500
@147
	17;1;6
	16;地上に満月が無いと困る民も居る。
	4;500
@148
	17;1;2
	16;そんな地上であなたが満月を隠せば、
	16;それなりの報復を受ける事も考えているの？
	4;500
@149
	17;2;2
	16;ああ、いいのよ。
	16;術はもう済んだから。
	4;500
@150
	17;2;5
	16;朝になれば満月は返してあげる。
	16;といっても、元々私達のものだけどね。
	4;500
@151
	17;0;2
	16;そうかい。
	4;500
@152
	17;0;3
	16;じゃぁ、残りは今まで隠していた分の
	16;報復だけ、という事だな。
	4;500
@153
	17;1;3
	16;そうね。
	16;どの位痛みつければ良いのかしらね。
	4;500
@154
	17;2;5
	16;あらあら、痛いのは嫌だわ。
	4;500
@155
	17;2;2
	16;あいにく、私は薬学の心得があるから、
	16;多少の怪我なら大丈夫だけど。
	4;500
@156
	17;0;2
	16;それは有難い事で。
	16;私達の滋養回復でもお願いするか。
	4;500
@157
	17;2;5
	16;それにね、薬は攻撃にも使えるのよ！
	7;1
	4;500
	5;0;5
	5;1;5
	5;2;5
	13;0
@187
	0
	13;1
@0
	0
entry 2
@0
	1;0;1
	1;1;1
	1;2;2
	13;0
@60
	15;2;2;2;2;-1
	13;1
	16;ふふふ。
	4;500
@61
	17;2;-2
	16;無事ついて来てるようね。
	4;500
@62
	17;1;2
	16;魔理沙！
	16;こいつを撃つのよ。
	4;500
@63
	17;0;8
	16;んなもん、言われなくても判ってるぜ。
	4;500
	5;0;5
	5;1;5
	5;2;5
	13;0
@93
	0
	13;1
@0
	0
entry 3
@60
	15;2;-1;-1;-1;-1
	16;何遊んでるのよ！
	6
	4;500
@61
	17;2;-2
	16;永琳、私の力でもう一度だけチャンスをあげる。
	4;500
@62
	17;2;-2
	16;これで負けたらその時は……。
	4;500
@63
	17;2;-2
	16;そこの野良猫！
	4;500
@64
	17;2;-2
	16;私の力で作られた薬と永琳の本当の力、
	16;一生忘れないものになるよ！
	4;500
	7;2
	13;0
@94
	0
	13;1
@0
	0
entry 4
@0
	7;-1
	0
	0
entry 5
@60
	4;800
	9;0
@120
	4;800
	12
	13;0
	14
@560
	11
	10
@0
	0
