entry 0 (256)
@0
	7
	8;0
	10;795699042
	9
	3
@1
	5;6000000
	3
@2
	6
	8;1
	9
	3
@3
	5;6000000
	3
@4
	5;6000000
	3
@5
	6
	3
	3
@6
	5;6000000
	3
@7
	6
	3
	3
@8
	5;6000000
	3
@9
	6
	9
	3
@10
	5;6000000
	3
@11
	5;6000000
	3
@12
	6
	9
	3
@13
	5;6000000
	3
@14
	6
	8;3
	9
	3
@15
	5;6000000
	9
	3
	3
@16
	6
	9
	3
@17
	5;6000000
	9
	3
@18
	5;6000000
	3
@19
	6
	9
	3
@20
	5;6000000
	9
	3
	3
@21
	6
	9
	3
@22
	5;6000000
	9
	3
@23
	5;6000000
	3
@24
	6
	9
	3
@25
	5;6000000
	3
@26
	6
	9
	3
@27
	5;6000000
	3
@28
	5;6000000
	3
@29
	6
	3
@30
	5;6000000
	3
@31
	5;6000000
	3
@32
	6
	9
	3
@33
	5;6000000
	3
@34
	5;6000000
	3
@35
	6
	11
@95
	14
@155
	12
@0
	0
