entry 0
@0
	1;0;1
	1;1;1
	15;0;8;2;-1;-1
@60
	15;0;8;2;-1;-1
	16;えぇーと。
	16;何処にいった？
@61
	4;60
	13;0
	6
@121
	1;2;2
	13;1
	17;2;5
	16;ここ、ここ。
	4;500
@122
	17;2;2
	16;さすが半人前ね。
	16;こんな短時間で見失うなんて。
	4;500
@123
	17;1;9
	16;何やってるのよ。
	16;その大きな半幽霊は何の為についているの？
	4;500
@124
	17;0;7
	16;尾行の為じゃ無いですよ。
	4;500
@125
	17;2;2
	16;まぁ、ここは私が作った偽の通路。
	8;2;0;永琳
	4;500
@126
	17;2;5
	16;貴方達が見失うのも無理は無いわ。
	4;500
@127
	17;0;2
	16;偽の通路？
	4;500
@128
	17;1;2
	16;偽の月に偽の星空。
	4;500
@129
	17;1;3
	16;ほんと、手の込んだ事をしたものね。
	4;500
@130
	17;2;2
	16;あら、よく分かったわね。
	16;あの月が幻影だって。
	4;500
@131
	17;1;2
	16;大昔の月よ、あれは。
	16;月がまだ天上にあった頃の月。
	4;500
@132
	17;0;2
	16;昔ですか？
	4;500
@133
	17;1;8
	16;古臭い、黴の生えた月。
	4;500
@134
	17;1;5
	16;今の月には兎はいないものねぇ。
	4;500
@135
	17;2;4
	16;あいにく、今でも兎はいるわ。
	4;500
@136
	17;2;5
	16;月の民も兎も、月の裏でひっそりと
	16;暮らしているよ。
	4;500
@137
	17;2;2
	16;結界を張ってひっそりと……。
	16;そう、幻想郷の様にね。
	4;500
@138
	17;0;3
	16;月の幻想郷？
	4;500
@139
	17;2;2
	16;そしてこの幻影の月は、月の記憶。
	4;500
@140
	17;2;5
	16;古臭く見えるのはその為よ。
	4;500
@141
	17;0;2
	16;で、そんな黴臭い月を持ち出して
	16;何をしようとしてたの？
	4;500
@142
	17;2;2
	16;用事ならもう済んでいるわ。
	4;500
@143
	17;2;2
	16;満月は月と地上を結ぶ唯一の鍵。
	4;500
@144
	17;2;5
	16;これさえ無くせば、追手も月から
	16;地上にやって来れない。
	4;500
@145
	17;2;4
	16;今頃、偽の地上に辿りついている
	16;でしょう。そう、黴臭い地上に。
	4;500
@146
	17;1;2
	16;あなたは、犯罪者なのね。
	4;500
@147
	17;1;3
	16;何かから逃げる者は罪を犯した者。
	4;500
@148
	17;1;3
	16;身を隠そうとする者は罪を認めた者。
	4;500
@149
	17;1;2
	16;そして、罪を認めた犯罪者は
	16;言い訳を始めるわ。
	4;500
@150
	17;0;2
	16;……。
	4;500
@151
	17;2;7
	16;いや別に。
	4;500
@152
	17;2;5
	16;あんまりにもここが居心地が良かったから、
	16;月に帰りたくなかっただけよ。
	4;500
@153
	17;2;2
	16;安心していいわ。
	16;朝になれば満月は元に戻してあげるから。
	4;500
@154
	17;0;2
	16;幽々子さま、私に何かご指示を。
	4;500
@155
	17;1;9
	16;あら、今頃になって私の言ってたことが
	16;判ってきたのかしら。
	4;500
@156
	17;1;3
	16;じゃあ、まずは私の盾になりなさい。
	4;500
@157
	17;0;5
	16;お任せください。
	16;冥界一硬い盾、ごらんに入れましょう。
	4;500
@158
	17;1;2
	16;気が向いたら援護してあげるから。
	4;500
@159
	17;2;4
	16;あはははは。
	4;500
@160
	17;2;2
	16;盾は外からの力を防ぐ力しか持たない。
	4;500
@161
	17;2;5
	16;我ら月の民は内なる力に作用させる
	16;能力を持つの。
	4;500
@162
	17;2;5
	16;あなたが硬い盾になっている内に、中の
	16;やわらかい部分から腐っていく……。
	4;500
@163
	17;2;2
	16;そう、そっちの能天気なお嬢さんからね。
	16;硬い盾なんて無意味だわ。
	4;500
@164
	17;1;2
	16;妖夢、安心して。
	16;ナマ物じゃないから腐らないわ。
	4;500
@165
	17;0;7
	16;判ってますよ。
	16;最初から腐っていることぐらい。
	4;500
@166
	17;0;3
	16;でも、腐っていてもお守りするのが
	16;魂魄家の役割なんですよ。
	4;500
@167
	17;1;7
	16;腐らないってば。
	4;500
@168
	17;2;5
	16;いつまでその余裕が持つかしらね。
	4;500
@169
	17;2;2
	16;留処なく溢れる月の記憶。
	4;500
@170
	17;2;4
	16;これを浴びた地上人で狂わなかった
	16;人は居ない。
	4;500
@171
	17;1;3
	16;仕様が無いわね。妖夢、狂わないように
	16;これだけは覚えておくのよ。
	4;500
@172
	17;2;2
	16;ああ、人じゃなくて幽霊ね。
	16;それじゃ腐らないか。
	4;500
@173
	17;1;2
	16;腐りかけが一番美味しいの。
	4;500
@174
	17;0;7
	16;今それを教えられても……。
	4;500
@175
	17;2;2
	16;言うわね。
	16;でも、発酵の能力は神の力。
	4;500
@176
	17;2;5
	16;貴方達亡霊は神も見捨てたって事よ！
	7;1
	4;500
	5;0;5
	5;1;5
	5;2;5
	13;0
@206
	0
	13;1
@0
	0
entry 2
@0
	1;0;1
	1;1;1
	1;2;2
	13;0
@60
	15;2;2;2;2;-1
	13;1
	16;ふふふ。
	4;500
@61
	17;2;-2
	16;無事ついて来てるようね。
	4;500
@62
	17;1;4
	16;追いついた。
	16;もう逃さないわよ。
	4;500
@63
	17;0;5
	16;ええ、逃しませんとも。
	4;500
	5;0;5
	5;1;5
	5;2;5
	13;0
@93
	0
	13;1
@0
	0
entry 3
@60
	15;2;-1;-1;-1;-1
	16;何遊んでるのよ！
	6
	4;500
@61
	17;2;-2
	16;永琳、私の力でもう一度だけチャンスをあげる。
	4;500
@62
	17;2;-2
	16;これで負けたらその時は……。
	4;500
@63
	17;2;-2
	16;そこの亡霊！
	4;500
@64
	17;2;-2
	16;私の力で作られた薬と永琳の本当の力、
	16;一生忘れないものになるよ！
	4;500
	7;2
	13;0
@94
	0
	13;1
@0
	0
entry 4
@0
	7;-1
	0
	0
entry 5
@60
	4;800
	9;0
@120
	4;800
	13;0
	12
	14
@440
	11
	10
@0
	0
