entry 200 (256)
@0
	7;1
	23;0
	23;1
	25
@20
	0
@0
	0
entry 201 (256)
@0
	23;0
	23;1
	25
@20
	0
@0
	0
entry 0 (192)
@0
	24
	1;0;0
	1;1;0
	15;0;0;8
@50
	15;0;0;8
	16;この世には二種類の巫女がいる。
	16;極端に短命な者と、極端に長寿な者だ。
	4;500
	13;0
@80
	9;500
	13;1
@140
	15;-1;-1;-1
	4;1800
	11
@0
	0
entry 10 (192)
@0
	24
	1;0;0
	1;1;0
	15;0;4;8
@50
	15;0;4;8
	16;お前さんが死んだら、どういう幽霊になるか
	16;想像に難くないな。
	4;500
	13;0
@80
	9;500
	13;1
@140
	15;-1;-1;-1
	4;1800
	11
@0
	0
entry 20 (192)
@0
	24
	1;0;0
	1;1;0
	15;0;0;8
@50
	15;0;0;8
	16;よく見たら死にそうにない顔してるな。
	4;500
	13;0
@80
	9;500
	13;1
@140
	15;-1;-1;-1
	4;1800
	11
@0
	0
entry 30 (192)
@0
	24
	1;0;0
	1;1;0
	15;0;1;8
@50
	15;0;1;8
	16;まさに、常に死と隣り合わせとはお前さんの
	16;様な者に使う言葉だな。
	4;500
	13;0
@80
	9;500
	13;1
@140
	15;-1;-1;-1
	4;1800
	11
@0
	0
entry 40 (192)
@0
	24
	1;0;0
	1;1;0
	15;0;1;8
@50
	15;0;1;8
	16;何で兎は寂しいと死んでしまう、なんて言われ
	16;ているか知ってるか？
	4;500
@51
	17;0;0
	16;それは、兎と鬱ぎの発音が似ていることから
	16;生まれた洒落なんだよ。
	4;500
@52
	17;0;6
	16;気が鬱ぐと死に至ることもある。
	4;500
	13;0
@82
	9;500
	13;1
@142
	15;-1;-1;-1
	4;1800
	11
@0
	0
entry 50 (256)
@0
	24
	1;0;0
	1;1;0
	15;0;0;8
@50
	15;0;0;8
	16;妖精と幽霊は実は存在が近いんだ。
	16;だからお前さんには寿命が無い。
	4;500
	13;0
@80
	9;500
	13;1
@140
	15;-1;-1;-1
	4;1800
	11
@0
	0
entry 60 (256)
@0
	24
	1;0;0
	1;1;0
	15;0;4;8
@50
	15;0;4;8
	16;寿命が無い者を見ても面白くないな。
	16;あ、いや、面白くて死神をやってるんだっけ？
	4;500
	13;0
@80
	9;500
	13;1
@140
	15;-1;-1;-1
	4;1800
	11
@0
	0
entry 70 (192)
@0
	24
	1;0;0
	1;1;0
	15;0;0;8
@50
	15;0;0;8
	16;小鳥は死の恐怖を感じることがあるのか？
	4;500
	13;0
@80
	9;500
	13;1
@140
	15;-1;-1;-1
	4;1800
	11
@0
	0
entry 80 (192)
@0
	24
	1;0;0
	1;1;0
	15;0;1;8
@50
	15;0;1;8
	16;何で兎は寂しいと死んでしまう、なんて言われ
	16;ているか知ってるか？
	4;500
@51
	17;0;0
	16;それは、兎と鬱ぎの発音が似ていることから
	16;生まれた洒落なんだよ。
	4;500
@52
	17;0;6
	16;気が鬱ぐと死に至ることもある。
	4;500
	13;0
@82
	9;500
	13;1
@142
	15;-1;-1;-1
	4;1800
	11
@0
	0
entry 90 (192)
@0
	24
	1;0;0
	1;1;0
	15;0;1;8
@50
	15;0;1;8
	16;妖怪の寿命はころころ変わるからな。
	4;500
@51
	17;0;0
	16;明日死ぬかも知れないし、
	16;十万年後かもしれない。
	4;500
	13;0
@81
	9;500
	13;1
@141
	15;-1;-1;-1
	4;1800
	11
@0
	0
entry 100 (192)
@0
	24
	1;0;0
	1;1;0
	15;0;5;8
@50
	15;0;5;8
	16;お前さんも随分と長く生きてるね。
	16;そう見せない性格は演技？
	4;500
	13;0
@80
	9;500
	13;1
@140
	15;-1;-1;-1
	4;1800
	11
@0
	0
entry 110 (192)
@0
	24
	1;0;0
	1;1;0
	15;0;1;8
@50
	15;0;1;8
	16;まだ寿命は無いみたいだな。
	16;つまりまだ生まれていないに等しい、か。
	4;500
	13;0
@80
	9;500
	13;1
@140
	15;-1;-1;-1
	4;1800
	11
@0
	0
entry 120 (256)
@0
	24
	1;0;0
	1;1;0
	15;0;1;8
@50
	15;0;1;8
	16;別に死神たって、ぽんぽん人を殺す訳じゃない
	16;のよね。
	4;500
	13;0
@80
	9;500
	13;1
@140
	15;-1;-1;-1
	4;1800
	11
@0
	0
entry 130 (256)
@0
	24
	1;0;0
	1;1;0
	15;0;7;8
@50
	15;0;7;8
	16;ああ、済みません！
	16;真面目にやっておりますから～。
	4;500
	13;0
@80
	9;500
	13;1
@140
	15;-1;-1;-1
	4;1800
	11
@0
	0
entry 140 (256)
@0
	24
	1;0;0
	1;1;0
	15;0;1;8
@50
	15;0;1;8
	16;寿命が無い者を見ても面白くないな。
	16;あ、いや、面白くて死神をやってるんだっけ？
	4;500
	13;0
@80
	9;500
	13;1
@140
	15;-1;-1;-1
	4;1800
	11
@0
	0
entry 150 (256)
@0
	24
	1;0;0
	1;1;0
	15;0;1;8
@50
	15;0;1;8
	16;寿命が無い者を見ても面白くないな。
	16;あ、いや、面白くて死神をやってるんだっけ？
	4;500
	13;0
@80
	9;500
	13;1
@140
	15;-1;-1;-1
	4;1800
	11
@0
	0
entry 210 (112)
@0
	24
	1;0;0
	1;1;0
	15;0;0;8
@50
	15;0;0;8
	16;自殺しないようにするコツを教えてやろうか。
	4;500
@51
	17;0;1
	16;それは死後は地獄へ行くと思いこまない事だ。
	4;500
@52
	17;0;1
	16;死後には想像を超えた楽園が待っている、
	16;と思うことで逆に生きる力が湧くのだ。
	4;500
	13;0
@82
	9;500
	13;1
@142
	15;-1;-1;-1
	4;1800
	11
@0
	0
entry 211 (96)
@0
	24
	1;0;0
	1;1;0
	15;0;0;8
@50
	15;0;0;8
	16;人と人との繋がりを大切にするんだな。
	4;500
@51
	17;0;1
	16;孤立した人間は死神の目から見れば、
	16;最も徳のない霊と判断する。
	4;500
	13;0
@81
	9;500
	13;1
@141
	15;-1;-1;-1
	4;1800
	11
@0
	0
entry 212 (256)
@0
	24
	1;0;0
	1;1;0
	15;0;1;8
@50
	15;0;1;8
	16;おっと、お前の寿命が見えるよ。
	4;500
@51
	17;0;5
	16;この死神の眼。
	16;寿命の半分と引き替えにあげようか？
	4;500
	13;0
@81
	9;500
	13;1
@141
	15;-1;-1;-1
	4;1800
	11
@0
	0
