entry 0 (256)
@0
	7
	8;0
	10;795699042
	9
	3
@1
	5;6000000
	3
@2
	6
	8;1
	9
	3
@3
	5;6000000
	9
	3
@4
	5;6000000
	3
@5
	5;6000000
	3
@6
	6
	9
	3
	3
@7
	5;6000000
	3
@8
	6
	9
	3
	3
@9
	5;6000000
	9
	3
@10
	6
	9
	3
@11
	5;6000000
	3
@12
	5;6000000
	3
@13
	6
	9
	3
@14
	5;6000000
	9
	3
@15
	6
	9
	3
@16
	5;6000000
	3
@17
	5;6000000
	9
	3
@18
	5;6000000
	3
@19
	6
	8;2
	9
	3
@20
	5;6000000
	9
	3
@21
	5;6000000
	9
	3
@22
	6
	9
	3
	3
@23
	5;6000000
	9
	3
@24
	5;6000000
	3
@25
	6
	9
	3
@26
	5;6000000
	3
@27
	5;6000000
	9
	3
@28
	5;6000000
	3
@29
	5;6000000
	9
	3
@30
	6
	9
	3
	3
@31
	5;6000000
	3
@32
	5;6000000
	3
@33
	5;6000000
	3
@34
	6
	3
@35
	5;6000000
	3
	3
@36
	5;6000000
	9
	3
@37
	5;6000000
	3
@38
	6
	11
@98
	14
@158
	12
@0
	0
