entry 0 (256)
@0
	7
	8;0
	10;795699042
	9
	3
@1
	5;6000000
	3
@2
	6
	8;1
	9
	3
@3
	5;6000000
	9
	3
@4
	5;6000000
	3
@5
	5;6000000
	9
	3
@6
	6
	9
	3
@7
	5;6000000
	9
	3
@8
	5;6000000
	3
@9
	5;6000000
	9
	3
@10
	5;6000000
	9
	3
@11
	6
	8;3
	9
	3
@12
	5;6000000
	9
	3
@13
	5;6000000
	3
@14
	5;6000000
	9
	3
@15
	6
	9
	3
@16
	5;6000000
	9
	3
@17
	5;6000000
	9
	3
@18
	6
	9
	3
@19
	5;6000000
	3
@20
	5;6000000
	3
@21
	5;6000000
	3
@22
	6
	9
	3
@23
	5;6000000
	3
	3
@24
	5;6000000
	3
@25
	5;6000000
	3
@26
	6
	3
	3
@27
	5;6000000
	3
@28
	5;6000000
	9
	3
@29
	5;6000000
	3
@30
	6
	11
@90
	14
@150
	12
@0
	0
