entry 200 (256)
@0
	7;1
	23;0
	23;1
	25
@20
	0
@0
	0
entry 201 (256)
@0
	23;0
	23;1
	25
@20
	0
@0
	0
entry 0 (192)
@0
	24
	1;0;0
	1;1;0
	15;0;5;8
@50
	15;0;5;8
	16;妖怪を退治すること。
	16;これが今の貴方が積める善行よ。
	4;500
	13;0
@80
	9;500
	13;1
@140
	15;-1;-1;-1
	4;1800
	11
@0
	0
entry 10 (192)
@0
	24
	1;0;0
	1;1;0
	15;0;5;8
@50
	15;0;5;8
	16;貴方のため込んだガラクタを土に還すこと。
	16;これが今の貴方が積める善行よ。
	4;500
	13;0
@80
	9;500
	13;1
@140
	15;-1;-1;-1
	4;1800
	11
@0
	0
entry 20 (192)
@0
	24
	1;0;0
	1;1;0
	15;0;5;8
@50
	15;0;5;8
	16;人間との繋がりを強くもつこと。
	16;これが今の貴方が積める善行よ。
	4;500
	13;0
@80
	9;500
	13;1
@140
	15;-1;-1;-1
	4;1800
	11
@0
	0
entry 30 (192)
@0
	24
	1;0;0
	1;1;0
	15;0;5;8
@50
	15;0;5;8
	16;貴方のお嬢様の言葉を毎日聞くこと。
	16;これが今の貴方が積める善行よ。
	4;500
	13;0
@80
	9;500
	13;1
@140
	15;-1;-1;-1
	4;1800
	11
@0
	0
entry 40 (256)
@0
	24
	1;0;0
	1;1;0
	15;0;5;8
@50
	15;0;5;8
	16;丸い物を集め、それをお供えすること。
	16;これが今の貴方が積める善行よ。
	4;500
	13;0
@80
	9;500
	13;1
@140
	15;-1;-1;-1
	4;1800
	11
@0
	0
entry 50 (192)
@0
	24
	1;0;0
	1;1;0
	15;0;5;8
@50
	15;0;5;8
	16;様々な所へ出かけ、世間を知ること。
	16;これが今の貴方が積める善行よ。
	4;500
	13;0
@80
	9;500
	13;1
@140
	15;-1;-1;-1
	4;1800
	11
@0
	0
entry 60 (192)
@0
	24
	1;0;0
	1;1;0
	15;0;5;8
@50
	15;0;5;8
	16;目上の方を尊敬すること。
	16;これが今の貴方が積める善行よ。
	4;500
	13;0
@80
	9;500
	13;1
@140
	15;-1;-1;-1
	4;1800
	11
@0
	0
entry 70 (192)
@0
	24
	1;0;0
	1;1;0
	15;0;0;8
@50
	15;0;0;8
	16;自分の歌の力を理解すること。
	16;これが今の貴方が積める善行よ。
	4;500
	13;0
@80
	9;500
	13;1
@140
	15;-1;-1;-1
	4;1800
	11
@0
	0
entry 80 (192)
@0
	24
	1;0;0
	1;1;0
	15;0;5;8
@50
	15;0;5;8
	16;貴方の家族を大切にすること。
	16;これが今の貴方が積める善行よ。
	4;500
	13;0
@80
	9;500
	13;1
@140
	15;-1;-1;-1
	4;1800
	11
@0
	0
entry 90 (192)
@0
	24
	1;0;0
	1;1;0
	15;0;1;8
@50
	15;0;1;8
	16;もっと人間に恐怖を与えること。
	16;これが今の貴方が積める善行よ。
	4;500
	13;0
@80
	9;500
	13;1
@140
	15;-1;-1;-1
	4;1800
	11
@0
	0
entry 100 (192)
@0
	24
	1;0;0
	1;1;0
	15;0;5;8
@50
	15;0;5;8
	16;積極的に良いニュースを取り上げること。
	16;これが今の貴方が積める善行よ。
	4;500
	13;0
@80
	9;500
	13;1
@140
	15;-1;-1;-1
	4;1800
	11
@0
	0
entry 110 (192)
@0
	24
	1;0;0
	1;1;0
	15;0;1;8
@50
	15;0;1;8
	16;人間に対する憎しみの念を消すこと。
	16;これが今の貴方が積める善行よ。
	4;500
	13;0
@80
	9;500
	13;1
@140
	15;-1;-1;-1
	4;1800
	11
@0
	0
entry 120 (256)
@0
	24
	1;0;0
	1;1;0
	15;0;3;8
@50
	15;0;3;8
	16;あ、こら待ちなさい！
	16;こんな所で遊んでる場合じゃないでしょ？
	4;500
	13;0
@80
	9;500
	13;1
@140
	15;-1;-1;-1
	4;1800
	11
@0
	0
entry 130 (256)
@0
	24
	1;0;0
	1;1;0
	15;0;6;8
@50
	15;0;6;8
	16;は～あ。暇ねぇ……
	16;こんなに幽霊が多いのにねぇ……
	4;500
	13;0
@80
	9;500
	13;1
@140
	15;-1;-1;-1
	4;1800
	11
@0
	0
entry 140 (192)
@0
	24
	1;0;0
	1;1;0
	15;0;1;8
@50
	15;0;1;8
	16;もっと墓場で演奏する回数を増やすこと。
	16;これが今の貴方が積める善行よ。
	4;500
	13;0
@80
	9;500
	13;1
@140
	15;-1;-1;-1
	4;1800
	11
@0
	0
entry 150 (192)
@0
	24
	1;0;0
	1;1;0
	15;0;1;8
@50
	15;0;1;8
	16;妹達の音を上手くコントロールすること。
	16;これが今の貴方が積める善行よ。
	4;500
	13;0
@80
	9;500
	13;1
@140
	15;-1;-1;-1
	4;1800
	11
@0
	0
entry 210 (128)
@0
	24
	1;0;0
	1;1;0
	15;0;0;8
@50
	15;0;0;8
	16;少しは善行を積んでいるかしら？
	4;500
	13;0
@80
	9;500
	13;1
@140
	15;-1;-1;-1
	4;1800
	11
@0
	0
entry 211 (256)
@0
	24
	1;0;0
	1;1;0
	15;0;4;8
@50
	15;0;4;8
	16;貴方達みたいに素直ならやりやすいん
	16;ですけどね。裁判も。
	4;500
@51
	17;0;3
	16;裁判は、お金と法律の知識でどうとでもなる
	16;もの、と勘違いしている輩が多くて多くて。
	4;500
@52
	17;0;3
	16;何時から人間は人間を裁けるようになったの
	16;かしら？　思い上がりも甚だしいわ。
	4;500
	13;0
@82
	9;500
	13;1
@142
	15;-1;-1;-1
	4;1800
	11
@0
	0
