entry 200 (256)
@0
	23;0
	23;1
	25
@20
	0
@0
	0
entry 201 (256)
@0
	23;0
	23;1
	25
@20
	0
@0
	0
entry 0 (256)
@0
	13;0
	7;1
@90
	13;1
	24
	1;0;0
	15;0;2;-1
	23;0
@140
	15;0;-1;-1
	16;あっちに行ってもこっちに行っても花だらけ～
	4;500
	15;1;-2;-1
	16;あ、バカ発見。
	4;500
	23;1
	13;0
@170
	1;1;0
	15;1;-2;5
	13;1
	8
	16;何か悪さでもしようと考えているんでしょう？
	4;500
@171
	17;0;0
	16;勿論！
	4;500
@172
	17;1;1
	16;懲りないわねぇ。
	7;2
	4;500
	5;0;5
	5;1;5
	13;0
	25
@202
	0
	13;1
@0
	0
entry 1 (256)
@0
	24
	1;0;0
	1;1;0
	15;0;2;8
@50
	15;0;2;8
	16;私の世界では、竹もバラバラ。
	4;500
	13;0
@80
	9;500
	13;1
@140
	15;-1;-1;-1
	4;1800
@0
	0
entry 2 (256)
@0
	24
	1;0;0
	1;1;0
	15;1;8;0
@50
	15;1;8;0
	16;冷気を好む動植物は居ないわ。
	16;何処に言ってもあんたは嫌われ者。
	4;500
	13;0
@80
	9;500
	13;1
@140
	15;-1;-1;-1
	4;1800
@0
	0
entry 10 (256)
@0
	13;0
	7;1
@90
	13;1
	24
	1;0;0
	15;0;2;-1
	23;0
@140
	15;0;-1;-1
	16;湖から一歩出てみれば、これだけの
	16;遊び道具があるもんね。
	4;500
	15;1;-2;-1
	16;楽しいか？
	4;500
	23;1
	13;0
@170
	1;1;0
	15;1;-2;6
	13;1
	8
	16;一人で遊んで。
	4;500
@171
	17;0;3
	16;何よ、邪魔しないでよ。
	4;500
@172
	17;1;1
	16;楽しそうだな。
	16;混ぜて貰おうか。
	7;3
	4;500
	5;0;5
	5;1;5
	13;0
	25
@202
	0
	13;1
@0
	0
entry 11 (256)
@0
	24
	1;0;0
	1;1;0
	15;0;1;8
@50
	15;0;1;8
	16;せっかく竹の花のドライフラワーを作って
	16;いたのに！
	4;500
	13;0
@80
	9;500
	13;1
@140
	15;-1;-1;-1
	4;1800
@0
	0
entry 12 (256)
@0
	24
	1;0;0
	1;1;0
	15;1;8;0
@50
	15;1;8;0
	16;一緒に遊ぶのに、何故それを混ぜるって
	16;言うのか判るか？
	4;500
@51
	17;1;2
	16;それは、正体無くなるまで叩き潰す事になる
	16;からだ。
	4;500
	13;0
@81
	9;500
	13;1
@141
	15;-1;-1;-1
	4;1800
@0
	0
entry 20 (256)
@0
	13;0
	7;1
@90
	13;1
	24
	1;0;0
	15;0;2;-1
	23;0
@140
	15;0;-1;-1
	16;花を摘む手が花を凍らすわ～
	16;楽しい。
	4;500
	15;1;-2;-1
	16;それの、
	4;500
	23;1
	13;0
@170
	1;1;0
	15;1;-2;5
	13;1
	8
	16;何が楽しいのかしら？
	4;500
@171
	17;0;5
	16;知らないの？
	16;凍った花を摘むと気持ちの良い音がするの。
	4;500
@172
	17;1;5
	16;あら知ってます。
	7;4
	4;500
	5;0;5
	5;1;5
	13;0
	25
@202
	0
	13;1
@0
	0
entry 21 (256)
@0
	24
	1;0;0
	1;1;0
	15;0;2;8
@50
	15;0;2;8
	16;大発見！　つまむより、辺りを凍らして
	16;寝っ転がった方が楽しい！
	4;500
	13;0
@80
	9;500
	13;1
@140
	15;-1;-1;-1
	4;1800
@0
	0
entry 22 (256)
@0
	24
	1;0;0
	1;1;0
	15;1;8;1
@50
	15;1;8;1
	16;貴方に限らず、妖精の動きが活発ね……
	4;500
	13;0
@80
	9;500
	13;1
@140
	15;-1;-1;-1
	4;1800
@0
	0
entry 30 (256)
@0
	13;0
	7;-1
@90
	13;1
	24
	1;0;0
	15;0;7;-1
	23;0
@140
	15;0;-1;-1
	16;何か急に冷え込んできた！
	16;何だろう、冷気じゃない冷たさだよ！
	4;500
	15;1;-2;-1
	7;5
	16;この辺は、
	4;500
	23;1
	13;0
@170
	1;1;0
	15;1;-2;0
	13;1
	8
	16;騒々しい妖精が居るだけで、そんなに変化は
	16;無いか……
	4;500
@171
	17;0;0
	16;あたいから見れば、誰かが来るだけで十分
	16;変化があるよ。
	4;500
@172
	17;1;0
	16;驚かしてごめんなさい。
	4;500
@173
	17;0;1
	16;たたき出してやるから。
	4;500
	5;0;5
	5;1;5
	5;2;5
	5;3;5
	13;0
	25
@203
	0
	13;1
@0
	0
entry 31 (256)
@0
	24
	1;0;0
	1;1;0
	15;0;1;8
@50
	15;0;1;8
	16;ここはあたいの城だよ。
	16;冷たい土足で踏み入らないでよ。
	4;500
	13;0
@80
	9;500
	13;1
@140
	15;-1;-1;-1
	4;1800
@0
	0
entry 32 (256)
@0
	24
	1;0;0
	1;1;0
	15;1;8;1
@50
	15;1;8;1
	16;そう、この世の花について調べているのね。
	16;私も調べたいから何か知っている事を教えて。
	4;500
	13;0
@80
	9;500
	13;1
@140
	15;-1;-1;-1
	4;1800
@0
	0
entry 40 (256)
@0
	13;0
	7;1
@90
	13;1
	24
	1;0;0
	15;0;2;-1
	23;0
@140
	15;0;-1;-1
	16;あーあ、この辺ばっかりうろちょろしても
	16;余り変化がないなぁ。
	4;500
	15;1;-2;-1
	16;あら、
	4;500
	23;1
	13;0
@170
	1;1;0
	15;1;-2;7
	13;1
	8
	16;余り花に相応しくない妖精が居るわね。
	4;500
@171
	17;0;3
	16;何を！
	4;500
@172
	17;1;5
	16;いや別に貶している訳じゃないのよ？
	4;500
@173
	17;1;0
	16;花は冷気に弱いんだから。
	16;まぁ、今の花が弱いかどうかは判らないけど。
	4;500
@174
	17;0;5
	16;あたいだって花の一つや二つ、
	16;けちょんけちょんにしてやるわよ！
	7;6
	4;500
	5;0;5
	5;1;5
	13;0
	25
@204
	0
	13;1
@0
	0
entry 41 (256)
@0
	24
	1;0;0
	1;1;0
	15;0;2;8
@50
	15;0;2;8
	16;うーん。最強ね。
	4;500
@51
	17;0;1
	16;誰にも負ける気がしないから、
	16;そろそろ行動範囲を広げてみよう！
	4;500
	13;0
@81
	9;500
	13;1
@141
	15;-1;-1;-1
	4;1800
@0
	0
entry 42 (256)
@0
	24
	1;0;0
	1;1;0
	15;1;8;1
@50
	15;1;8;1
	16;花の一つや二つ、誰だってけちょんけちょんに
	16;出来るわよ。
	4;500
	13;0
@80
	9;500
	13;1
@140
	15;-1;-1;-1
	4;1800
@0
	0
entry 60 (256)
@0
	13;0
	7;1
@90
	13;1
	24
	1;0;0
	15;0;2;-1
	23;0
@140
	15;0;-1;-1
	16;うっ、わー！
	16;ひろ～い！
	4;500
	15;1;-2;-1
	16;ついにお空の上まで、
	4;500
	23;1
	13;0
@170
	1;1;0
	15;1;-2;0
	13;1
	8
	16;変なのがあぶれて来ちゃったのね。
	4;500
@171
	17;0;3
	16;高いところから見れば、いっぺんに見える
	16;花の量が多くなると思ったの！
	4;500
@172
	17;1;4
	16;雲の上まで来たら何も見えないでしょうに。
	7;8
	4;500
	5;0;5
	5;1;5
	13;0
	25
@202
	0
	13;1
@0
	0
entry 61 (256)
@0
	24
	1;0;0
	1;1;0
	15;0;0;8
@50
	15;0;0;8
	16;一つ判ったこと。
	4;500
@51
	17;0;6
	16;雲の中は体に氷が付くから
	16;余り通らないようにしよう。
	4;500
	13;0
@81
	9;500
	13;1
@141
	15;-1;-1;-1
	4;1800
@0
	0
entry 62 (256)
@0
	24
	1;0;0
	1;1;0
	15;1;8;6
@50
	15;1;8;6
	16;上空は最初から寒いんだから、
	16;あんたの出る所ではない。
	4;500
	13;0
@80
	9;500
	13;1
@140
	15;-1;-1;-1
	4;1800
@0
	0
entry 70 (256)
@0
	13;0
	7;1
@90
	13;1
	24
	1;0;0
	15;0;2;-1
	23;0
@140
	15;0;-1;-1
	16;さくら！さくら！
	4;500
	15;1;-2;-1
	16;さくら～さくら～♪
	4;500
	23;1
	13;0
@170
	1;1;0
	15;1;-2;4
	13;1
	8
	16;さくらを見ている愚かな人間をさらえ～♪
	4;500
@171
	17;0;1
	16;ほら！
	16;さくらの花びらが落ちる前に凍らすと凄いよ！
	4;500
@172
	17;1;0
	16;なんだ妖精はお呼びでないわ。
	7;9
	4;500
	5;0;5
	5;1;5
	13;0
	25
@202
	0
	13;1
@0
	0
entry 71 (256)
@0
	24
	1;0;0
	1;1;0
	15;0;2;8
@50
	15;0;2;8
	16;さくらの花びらも凍らせば凶器になるわ！
	16;これで無敵！
	4;500
	13;0
@80
	9;500
	13;1
@140
	15;-1;-1;-1
	4;1800
@0
	0
entry 72 (256)
@0
	24
	1;0;0
	1;1;0
	15;1;8;6
@50
	15;1;8;6
	16;冷えて来ちゃったなぁ。
	16;これじゃ人間も通らないかもしれないじゃない
	4;500
	13;0
@80
	9;500
	13;1
@140
	15;-1;-1;-1
	4;1800
@0
	0
entry 80 (256)
@0
	13;0
	7;1
@90
	13;1
	24
	1;0;0
	15;0;2;-1
	23;0
@140
	15;0;-1;-1
	16;竹林は何時来ても迷うなぁ、
	16;帰り道が判らないじゃん。
	4;500
	15;1;-2;-1
	16;お呼びですか～
	4;500
	23;1
	13;0
@170
	1;1;0
	15;1;-2;0
	13;1
	8
	16;お呼びでない。
	16;あ、そう。
	4;500
@171
	17;0;3
	16;呼んでないよ！
	16;で、帰り道を教えて欲しいんだけど。
	4;500
@172
	17;1;0
	16;妖精なんて、帰れなくても困らないじゃん？
	16;迷い放題迷えば～？
	7;10
	4;500
	5;0;5
	5;1;5
	13;0
	25
@202
	0
	13;1
@0
	0
entry 81 (256)
@0
	24
	1;0;0
	1;1;0
	15;0;6;8
@50
	15;0;6;8
	16;やだ、暗くなる前に帰りたいよ！
	16;道に詳しそうだから、湖まで連れて行ってよ。
	4;500
	13;0
@80
	9;500
	13;1
@140
	15;-1;-1;-1
	4;1800
@0
	0
entry 82 (256)
@0
	24
	1;0;0
	1;1;0
	15;1;8;2
@50
	15;1;8;2
	16;竹林は迷い人を捕まえる大きな罠。
	16;自分で罠に入って何を言ってるのよ。
	4;500
	13;0
@80
	9;500
	13;1
@140
	15;-1;-1;-1
	4;1800
@0
	0
entry 100 (256)
@0
	13;0
	7;18
@90
	13;1
	24
	1;0;0
	15;0;2;-1
	23;0
@140
	15;0;-1;-1
	16;へーこんな所に池があったなんて、
	16;遠くまで出てきた甲斐があったわ。
	4;500
@141
	17;0;2
	16;蛙でも居ないかなぁ。
	4;500
	15;1;-2;-1
	16;わくわく。
	4;500
@142
	17;0;5
	7;-1
	16;判ってるわよ？
	16;さっきから付いてくる奴が居るって。
	4;500
	23;1
	13;0
@172
	1;1;0
	15;1;-2;5
	13;1
	7;12
	16;ここの池には大ガマが棲んでいるから
	16;気をつけた方が良いですよ？
	4;500
@173
	17;0;7
	16;何よ。
	16;さっきは何か楽しそうだったじゃないの。
	4;500
@174
	17;1;0
	8
	16;それは、貴方が蛙を見つけて悪戯しようと
	16;すれば、きっと面白いことになると思って。
	4;500
@175
	17;0;3
	16;何だか知らないけど面白いことには
	16;ならないわ！　失礼ね。
	4;500
@176
	17;1;2
	16;それではどうぞ。
	16;私のことは気にせずお楽しみください。
	4;500
@177
	17;0;5
	16;そうだ！
	16;蛙を凍らせるより面白いこと思いついたよ！
	4;500
	5;0;5
	5;1;5
	5;2;5
	5;3;5
	13;0
	25
@207
	0
	13;1
@0
	0
entry 101 (256)
@0
	24
	1;0;0
	1;1;0
	15;0;2;6
@50
	15;0;2;6
	16;どうだ！
	16;参ったか。
	4;500
@51
	17;1;6
	16;参りました参りましたって、
	16;我々社会の声を攻撃するなんて酷いんだから。
	4;500
@52
	17;0;1
	16;次は蛙を虐めて遊ぼうっと、
	16;この池に居るのは判ってるんだからね！
	4;500
@53
	17;1;2
	16;わくわく。
	4;500
	13;0
@83
	9;500
	13;1
@143
	15;-1;-1;-1
	4;1800
@0
	0
entry 102 (256)
@0
	24
	1;0;0
	1;1;0
	15;1;8;6
@50
	15;1;8;6
	16;あらら、私としたことが勝ってしまいました。
	16;十分手加減していたのに……
	4;500
@51
	17;1;0
	16;これでは面白くありません。
	4;500
	13;0
@81
	9;500
	13;1
@141
	15;-1;-1;-1
	4;1800
@0
	0
entry 90 (256)
@0
	13;0
	7;-1
@90
	13;1
	24
	1;0;0
	15;0;0;-1
	23;0
@140
	15;0;-1;-1
	16;ひまわり、ひまわり、お日様逃げる～
	4;500
@141
	17;0;1
	16;凄いよ。
	16;まだ春だって言うのにひまわりも満開だよ。
	4;500
	15;1;-2;-1
	7;11
	28;1
	16;あら可愛い妖精じゃないの。
	4;500
@142
	17;0;2
	16;えへへ～そうでしょう？
	4;500
	23;1
	13;0
@172
	1;1;0
	15;1;-2;0
	13;1
	16;ここの向日葵もみんな、貴方の事を見ているわ
	4;500
@173
	17;1;1
	16;標本にしたいくらい。
	4;500
@174
	17;0;7
	16;そういえば……
	16;向日葵がこっちを見てる気がする。
	4;500
@175
	17;1;1
	16;見てるのよ。
	4;500
@176
	17;1;2
	8
	16;だって、貴方が太陽みたいだから。
	4;500
@177
	17;0;3
	16;嘘ばっかり言わないでよ。
	16;あたいは氷の精よ？　太陽な訳ないじゃん。
	4;500
@178
	17;1;5
	16;ここの向日葵は侵入者に過敏なの。
	4;500
@179
	17;1;0
	16;私も静かにしていたいしね。
	16;だから、向日葵に監視させているの。
	4;500
@180
	17;0;6
	16;何だか知らないけど……
	16;少し怖くなってきた。
	4;500
@181
	17;1;0
	16;よく、ボコボコに撃ちのめすことを
	16;蜂の巣にする、って言うでしょう？
	4;500
@182
	17;1;1
	16;でも、蜂の巣じゃあ、蜂の反撃を喰らうかも
	16;知れないじゃないの。
	4;500
@183
	17;1;2
	16;だから私はボコボコに撃ちのめすことを、
	16;向日葵にする、って言いたいわ。
	4;500
@184
	17;1;5
	16;向日葵の種が詰まった所は、それこそ
	16;蜂の巣みたいだし、弾も一杯刺さっているし。
	4;500
@185
	17;0;4
	16;ひえ～
	16;何かここは来る場所じゃ無かったみたい。
	4;500
@186
	17;1;1
	16;さあ、私の可愛い向日葵達よ！
	16;仲間はずれの妖精を仲間にしてあげなさい！
	4;500
	5;0;5
	5;1;5
	5;2;5
	5;3;5
	13;0
	25
@216
	0
	13;1
@0
	0
entry 91 (256)
@0
	24
	1;0;0
	1;1;0
	15;0;4;0
@50
	15;0;4;0
	16;今の内に逃げよー！
	4;500
@51
	17;0;4
	16;次はもっと静かな所に行きたいわー
	4;500
@52
	17;1;1
	16;結果として逃げてくれれば何でも良いわ。
	16;まだ、向日葵は咲き続けそうね。
	4;500
	13;0
@82
	9;500
	13;1
@142
	15;-1;-1;-1
	4;1800
@0
	0
entry 92 (256)
@0
	24
	1;0;0
	1;1;0
	15;1;8;0
@50
	15;1;8;0
	16;この花に浮かれてやってきたのね。
	16;妖精って言っても虫みたいなもんね。
	4;500
	13;0
@80
	9;500
	13;1
@140
	15;-1;-1;-1
	4;1800
@0
	0
entry 130 (256)
@0
	13;0
	7;18
@90
	13;1
	24
	1;0;0
	15;0;0;-1
	23;0
@140
	15;0;-1;-1
	16;ここなら変な奴は居ないかな？
	16;ちょっと遊ぼうっと。
	4;500
@141
	17;0;7
	16;って、ここって墓場じゃないの？
	4;500
@142
	17;0;0
	16;まあいいや、桜が綺麗だしー
	4;500
	15;1;-2;-1
	16;陰気を嫌う妖精がこんな所にやってくるなんて
	16;珍しいわね。
	4;500
@143
	17;0;3
	16;ああ、また誰かが邪魔しに来た～
	16;たまには一人で遊ばせてよ。
	4;500
@144
	17;1;-1
	16;あら失礼。
	4;500
@145
	17;0;6
	16;何処に行っても、誰かがやって来るのよ～
	16;やっぱり花に浮かれた所為？
	4;500
	23;1
	13;0
@175
	1;1;0
	15;1;-2;0
	13;1
	8
	16;遊べる場所を求めて、うっかり無縁の塚まで
	16;やってきたと言う訳ね。
	4;500
@176
	17;0;0
	16;来たことがない方へ移動してきただけよ
	16;桜が綺麗だったけど、墓場じゃないの！
	4;500
@177
	17;1;5
	16;人間はいつかは死ぬのです。
	16;死者は墓場に入る必要は無いけど……
	4;500
@178
	17;1;0
	16;生きている者が死者の死を認めるために
	16;墓場が必要なのです。
	4;500
@179
	17;1;0
	16;そう、墓場とは生者の為の施設なのですよ。
	4;500
@180
	17;0;3
	16;なんだか知らないけど墓場の番人みたいな
	16;奴も居るし、墓場なんか居たくないし。
	4;500
@181
	17;0;3
	16;もう帰る！
	4;500
@182
	17;1;0
	7;-1
	16;うふふ、待ちなさい。
	4;500
@183
	17;1;0
	16;私は墓場の番人ではありません。
	16;別件で此岸まで訪れただけですが……
	4;500
@184
	17;1;5
	16;ここに罪深い妖精を見かけたから
	16;放ってはおけません。
	4;500
@185
	17;0;7
	16;番人じゃなきゃ何？
	16;ここは墓場だから……もしかして！
	4;500
@186
	17;1;4
	16;幽霊でもありませんよ？
	4;500
@187
	17;1;0
	16;貴方は妖精なのに強い力を持っています。
	4;500
@188
	17;1;0
	16;でも、そのお陰で自分のテリトリーを
	16;外れる事が多い。
	4;500
@189
	17;1;1
	7;15
	28;1
	16;そう、貴方は少し迷惑をかけすぎる。
	4;500
@190
	17;0;7
	16;……
	4;500
@191
	17;1;6
	16;そのままでは、貴方は自然の力で元に
	16;戻れないダメージを負うかも知れない。
	4;500
@192
	17;0;3
	16;そんな事は無いってば、
	16;最強だし！
	4;500
@193
	17;1;0
	16;すなわちそれは死、という意味です。
	16;貴方が死ねば、きっと私達が貴方を裁く。
	4;500
@194
	17;1;5
	16;その時は、天界に行くか、地獄に行くか……
	16;まだそこまでは判らないけどね。
	4;500
@195
	17;0;7
	16;そんな……人間みたいな事を……
	16;そ、そんな脅しは効かないよ！
	4;500
@196
	17;1;0
	16;小川のせせらぎ、鳥の鳴き声、虫の歌。
	4;500
@197
	17;1;0
	16;自然だって死ぬときは死ぬのです。
	16;永遠は自然界に存在しないと思いなさい。
	4;500
@198
	17;1;1
	16;貴方は、
	16;少し力を持ちすぎたことを自覚せよ！
	4;500
	5;0;5
	5;1;5
	5;2;5
	5;3;5
	13;0
	25
@228
	0
	13;1
@0
	0
entry 131 (256)
@0
	4;500
	13;0
	9;0
	13;1
@1
	4;1800
	14
@300
	0
@0
	0
entry 132 (256)
@0
	24
	1;0;0
	1;1;0
	15;1;8;0
@50
	15;1;8;0
	16;私に負けるのは当然です。
	16;でも、それでは意味が無いのです。
	4;500
@51
	17;1;0
	16;貴方が理解するまで続けましょう。
	4;500
	13;0
@81
	9;500
	13;1
@141
	15;-1;-1;-1
	4;1800
@0
	0
