header(12, 256, 268894208, 0, 812081765, 1851862576, 109, 268894208, 1, 811888229, 1851862580, 109, 201850880, 0, 0, 0, 201981952, 795699042, 959539316, 3224159)
@0
	3
@1
	5;6000000
	3
@2
	5;6000000
	3
@3
	6
	8;1
	9
	3
	3
@4
	5;6000000
	9
	3
@5
	6
	3
	3
@6
	5;6000000
	9
	3
@7
	5;6000000
	9
	3
@8
	6
	9
	3
@9
	5;6000000
	9
	3
@10
	5;6000000
	3
@11
	6
	9
	3
@12
	5;6000000
	9
	3
	3
@13
	6
	9
	3
@14
	5;6000000
	3
@15
	5;6000000
	9
	3
@16
	5;6000000
	3
@17
	6
	9
	3
	3
@18
	5;6000000
	3
@19
	6
	3
@20
	5;6000000
	9
	3
@21
	5;6000000
	3
@22
	6
	9
	3
@23
	5;6000000
	3
@24
	5;6000000
	3
@25
	6
	3
@26
	5;6000000
	3
@27
	5;6000000
	3
@28
	6
	3
@29
	5;6000000
	3
@30
	5;6000000
	3
@31
	6
	9
	3
@32
	5;6000000
	3
	3
@33
	6
	11
@93
	14
@153
	12
@213
	0
@0
	0
