entry 0 (256)
@0
	7
	8;0
	10;795699042
	9
	3
@1
	5;6000000
	3
@2
	5;6000000
	3
@3
	6
	8;1
	9
	3
@4
	5;6000000
	9
	3
@5
	5;6000000
	9
	3
@6
	6
	9
	3
@7
	5;6000000
	9
	3
	3
@8
	6
	9
	3
@9
	5;6000000
	9
	3
@10
	6
	9
	3
	3
@11
	5;6000000
	9
	3
@12
	6
	9
	3
	3
@13
	6
	8;0
	9
	3
@14
	5;6000000
	3
@15
	6
	8;2
	9
	3
	3
@16
	5;6000000
	9
	3
@17
	6
	9
	3
@18
	5;6000000
	9
	3
@19
	5;6000000
	9
	3
@20
	6
	9
	3
@21
	5;6000000
	9
	3
@22
	5;6000000
	9
	3
@23
	6
	9
	3
@24
	5;6000000
	3
@25
	5;6000000
	9
	3
@26
	6
	9
	3
@27
	5;6000000
	9
	3
@28
	5;6000000
	9
	3
@29
	6
	9
	3
@30
	5;6000000
	9
	3
@31
	5;6000000
	3
@32
	6
	9
	3
	3
@33
	6
	3
@34
	5;6000000
	3
@35
	5;6000000
	3
@36
	6
	3
@37
	5;6000000
	3
@38
	6
	9
	3
@39
	5;6000000
	3
	3
@40
	6
	11
@100
	14
@160
	12
@0
	0
