entry 0 (256)
@0
	7
	8;0
	10;795699042
	9
	3
@1
	5;6000000
	3
@2
	6
	8;1
	9
	3
@3
	5;6000000
	3
@4
	5;6000000
	3
@5
	6
	3
	3
@6
	6
	3
@7
	5;6000000
	3
@8
	5;6000000
	3
@9
	6
	3
@10
	5;6000000
	3
@11
	5;6000000
	3
@12
	6
	8;3
	9
	3
@13
	5;6000000
	9
	3
@14
	5;6000000
	9
	3
@15
	6
	9
	3
@16
	5;6000000
	9
	3
@17
	5;6000000
	9
	3
@18
	6
	9
	3
@19
	5;6000000
	9
	3
@20
	5;6000000
	9
	3
@21
	6
	9
	3
@22
	5;6000000
	3
@23
	5;6000000
	9
	3
@24
	6
	9
	3
@25
	5;6000000
	3
@26
	5;6000000
	9
	3
@27
	6
	9
	3
@28
	5;6000000
	9
	3
@29
	5;6000000
	3
@30
	6
	9
	3
@31
	5;6000000
	9
	3
@32
	5;6000000
	3
@33
	6
	9
	3
@34
	5;6000000
	3
@35
	6
	3
@36
	5;6000000
	3
@37
	6
	3
@38
	5;6000000
	3
	3
@39
	6
	3
@40
	6
	9
	3
@41
	5;6000000
	3
@42
	5;6000000
	3
@43
	6
	11
@103
	14
@163
	12
@0
	0
