entry 0 (256)
@0
	7;0
	8;0
	10;795699042
	9
	3
	3
@1
	5;6000000
	3
	3
	3
@2
	6
	8;1
	9
	3
@3
	5;6000000
	3
@4
	5;6000000
	9
	3
@5
	5;6000000
	9
	3
@6
	5;6000000
	3
@7
	6
	9
	3
@8
	5;6000000
	3
@9
	5;6000000
	9
	3
@10
	5;6000000
	9
	11
	3
	3
@11
	6
	8;0
	10;795699042
	9
	3
@12
	5;6000000
	3
@13
	6
	8;1
	9
	3
@14
	5;6000000
	9
	3
@15
	5;6000000
	9
	3
@16
	5;6000000
	3
@17
	6
	9
	3
@18
	5;6000000
	3
@19
	5;6000000
	9
	3
@20
	6
	9
	3
	3
@21
	5;6000000
	3
@22
	5;6000000
	9
	3
@23
	5;6000000
	9
	3
	3
@24
	6
	9
	3
@25
	5;6000000
	3
	3
@26
	6
	8;0
	9
	3
@27
	5;6000000
	3
@28
	5;6000000
	3
@29
	5;6000000
	9
	3
@30
	6
	9
	3
@31
	5;6000000
	3
	3
@32
	5;6000000
	3
@33
	5;6000000
	9
	3
@34
	6
	9
	3
@35
	5;6000000
	3
	3
@36
	5;6000000
	3
	3
@37
	5;6000000
	9
	3
@38
	5;6000000
	3
	3
@39
	5;6000000
	9
	3
@40
	6
	9
	3
@41
	5;6000000
	3
@42
	5;6000000
	3
	3
@43
	5;6000000
	9
	3
@44
	6
	9
	3
@45
	5;6000000
	3
@46
	5;6000000
	3
@47
	5;6000000
	9
	3
@48
	5;6000000
	3
@49
	6
	9
	3
@50
	5;6000000
	3
	3
@51
	6
	3
@52
	5;6000000
	3
	3
@53
	5;6000000
	3
@54
	5;6000000
	3
@55
	6
	9
	3
@56
	5;6000000
	3
	3
	3
@57
	6
	11
@117
	14
@177
	12
@237
	0
@0
	0
