100,50,100,80,1500,恋符「マスタースパーク」
