entry 0
@0
	15;2;-1;-1;-1;-1
@60
	15;2;-1;-1;-1;-1
	16;遅かったわね。
@61
	4;60
	13;0
	6
@121
	1;2;2
	13;1
	17;2;5
	16;全ての扉は封印したわ。
	16;もう、姫は連れ出せないでしょう？
	4;500
	1;0;1
	1;1;1
	15;0;2;2;-2;-1
	16;おう。
	16;長くて暗い廊下だったな、アリスよ。
	4;500
@122
	17;1;2
	16;取り敢えず、相手にしてやったら？
	16;目の前の奴。
	4;500
@123
	17;2;7
	16;って、何？
	16;あんた達……、地上の人じゃないの。
	8;2;0;鈴仙
	4;500
@124
	17;2;2
	16;こんな夜中に何の用？
	4;500
@125
	17;0;7
	16;こんだけ長ければ、いくら掃除の達人でも
	16;一日が雑巾掛けだけで終るな。
	4;500
@126
	17;1;8
	16;魔理沙の家の掃除よりは、時間も手間も
	16;少なくて済むと思うけど。
	4;500
@127
	17;1;2
	16;って、いい加減相手にしてやったら？
	4;500
@128
	17;2;6
	16;もう、変なのが紛れ込んできたわね。
	4;500
@129
	17;2;5
	16;うちは今忙しいの。
	16;こそ泥以外の用が無いならさっさと帰る。
	4;500
@130
	17;0;8
	16;真夜中に忙しい奴なんてのは、まっとうな
	16;生き方してない奴だけだ。
	4;500
@131
	17;0;5
	16;なぁ同業者よ。
	4;500
@132
	17;1;6
	16;魔理沙が本題を言わないなら、私が言うわ。
	4;500
@133
	17;1;2
	16;歪な月の異変は、あなたかその仲間の
	16;仕業でしょう？
	4;500
@134
	17;2;2
	16;そうよ。
	4;500
@135
	17;0;2
	16;さぁ、大人しく元に戻すか、
	16;一悶着あった後に元に戻すか、
	4;500
@136
	17;0;3
	16;どっちかを選びな！
	4;500
@137
	17;1;7
	16;美味しい所だけ持っていかないの。
	4;500
	13;0
	6
@197
	1;3;2
	13;1
	17;3;2
	16;あの月は、まだ戻す訳にはいかないわ。
	4;500
@198
	17;3;2
	16;こうしている間にも、月の民との関係は
	16;悪くなりつつあるの。
	4;500
@199
	17;3;2
	16;もうこのまま、地上を大きな密室にする
	16;しか姫を逃す道は無い。
	4;500
@200
	17;0;9
	16;ああ？何もんだ？
	4;500
@201
	17;1;8
	16;魔理沙、危ないわ。
	16;こいつの力は今まで感じた事が無い……。
	4;500
@202
	17;3;2
	16;あなた達は古代の力のコピーを使用して
	16;いるみたいね。
	4;500
@203
	17;3;2
	16;まだ人間が居なかった時代の無秩序な力。
	16;あの頃が懐かしいわ。
	4;500
@204
	17;3;2
	16;能力にも特許を認めるべきかしら。
	4;500
@205
	17;3;2
	16;まぁ取り敢えず、
	16;ウドンゲ、ここはお前に任せたわ。
	4;500
@206
	17;3;2
	16;間違っても姫を連れ出されないようにね。
	4;500
	5;3;5
	13;0
	6
@266
	13;1
	4;500
@267
	17;2;2
	16;お任せください。
	16;閉ざされた扉は一つも空かせません。
	4;500
@268
	17;0;6
	16;なんだぁ？　ベラベラ喋るだけ喋って
	16;逃げるなんてなぁ、
	4;500
@269
	17;0;2
	16;後で倒しに来てくれ、
	16;って言ってる様なもんだぜ。
	4;500
@270
	17;1;2
	16;そう言ってたのよ。
	16;でも、後で倒しに行くかどうかは、
	4;500
@271
	17;1;2
	16;異変の犯人かどうかで決まるの。
	16;それを忘れちゃ朝になってしまうわ。
	4;500
@272
	17;2;6
	16;あんたら、私を無視しすぎ。
	4;500
@273
	17;2;2
	16;いい？
	16;この廊下、催眠廊下は私の罠の一つ。
	7;1
	4;500
@274
	17;2;5
	16;真っ直ぐに飛べないお前達は、
	16;私の力で跡形も無く消え去るのよ。
	4;500
@275
	17;1;2
	16;それは魔理沙の台詞。
	4;500
@276
	17;1;3
	16;光の魔砲で跡形も無く消え去るがいいわ、
	16;このぺんぺん草。
	4;500
@277
	17;0;8
	16;美味しい所持っていくなよ。
	4;500
@278
	17;2;2
	16;その台詞、月の兎である私の目を見ても、
	16;まだ吐けるのかしら？
	4;500
	5;0;5
	5;1;5
	5;2;5
	13;0
@308
	0
	13;1
@0
	0
entry 1
@0
	1;0;1
	1;1;1
	1;2;2
@60
	15;0;4;8;10;-1
	16;月は元に戻ったのか？
	4;500
@61
	17;1;2
	16;いや、こいつじゃないわね。
	16;やっぱりさっきの……。
	4;500
@62
	17;2;-2
	16;私に勝ったからって、師匠に敵うと
	16;思ってるの？
	4;500
@63
	17;1;3
	16;負けるはずが無いわ。
	4;500
@64
	17;0;3
	16;なんだか、貧弱そうだったしな。
	4;500
@65
	17;2;-2
	16;今回は、力では私の負けを認めるけど……。
	4;500
@66
	17;2;-2
	16;師匠は、月面一の頭脳の持ち主。
	4;500
@67
	17;2;-2
	16;あんたらみたいな馬鹿共なんか勝負に
	16;なるはずがないわ。
	4;500
@68
	17;0;6
	16;あー？弾幕に頭脳？
	16;馬鹿じゃないのか？弾幕はパワーだよ。
	4;500
@69
	17;1;7
	16;そういうこと言うから馬鹿扱いされるのよ。
	16;弾幕はブレイン。常識よ。
	4;500
	13;0
@129
	9;0
	12
@189
	4;800
	11
	10
@0
	0
entry 2
@0
	1;0;1
	1;1;1
	1;2;2
@60
	15;0;4;8;10;-1
	16;月は元に戻ったのか？
	4;500
@61
	17;1;2
	16;いや、こいつじゃないわね。
	16;ほら、あそこ……。
	4;500
@62
	17;0;2
	16;判ってるぜ。あの扉だけ少し開いている。
	16;あんなに強い妖気は初めてだ。
	4;500
@63
	17;2;-2
	16;ああ、そこは。
	4;500
@64
	17;1;3
	16;火薬庫かしら？
	4;500
@65
	17;0;3
	16;火薬庫だな。
	4;500
@66
	17;1;3
	16;それは行くしかないわね。
	16;異変の元凶の火薬庫なら。
	4;500
@67
	17;0;3
	16;そうだな。
	16;そこに行けば全てが解決する火薬庫だし。
	4;500
@68
	17;2;-2
	16;ああ、師匠に怒られるぅ。
	4;500
	13;0
@128
	9;0
	12
@188
	4;800
	11
	10
@0
	0
entry 3
@120
	4;1
@180
	19;さっきのを撃ちに行く（FinalA）
	20;あたりかまわず撃ちに行く（FinalB）
	21;1200
@181
	22
@211
	0
@0
	0
