entry 0 (256)
@0
	7;0
	8;0
	10;795699042
	9
	3
@1
	5;6000000
	3
@2
	5;6000000
	3
@3
	6
	8;1
	9
	3
@4
	5;6000000
	9
	3
	3
@5
	6
	9
	3
@6
	5;6000000
	3
@7
	5;6000000
	9
	3
@8
	5;6000000
	3
@9
	6
	9
	3
	3
@10
	5;6000000
	3
@11
	5;6000000
	9
	3
@12
	6
	9
	3
@13
	5;6000000
	3
@14
	5;6000000
	3
@15
	6
	9
	3
@16
	5;6000000
	3
@17
	5;6000000
	3
@18
	6
	8;2
	9
	3
@19
	5;6000000
	3
@20
	5;6000000
	3
@21
	6
	9
	3
@22
	5;6000000
	9
	3
@23
	5;6000000
	3
@24
	6
	3
@25
	5;6000000
	3
	3
@26
	6
	3
@27
	5;6000000
	3
@28
	5;6000000
	3
@29
	6
	9
	3
@30
	5;6000000
	3
@31
	5;6000000
	9
	3
@32
	6
	9
	3
@33
	5;6000000
	3
@34
	5;6000000
	3
@35
	6
	3
@36
	5;6000000
	3
@37
	5;6000000
	3
@38
	6
	3
	3
@39
	5;6000000
	3
@40
	6
	3
@41
	5;6000000
	3
@42
	5;6000000
	3
@43
	5;6000000
	3
@44
	6
	9
	3
@45
	5;6000000
	3
	3
@46
	6
	11
@106
	14
@166
	12
@226
	0
@0
	0
