entry 0
@0
	1;0;1
	1;1;1
	15;0;9;2;-1;-1
@60
	15;0;9;2;-1;-1
	16;幽々子さま。
	16;見てください、凄い満月ですよ。
@61
	4;60
	13;0
	6
@121
	1;2;2
	13;1
	17;2;5
	16;これが本当の満月。
	4;500
@122
	17;2;2
	16;貴方達は人間でも妖怪でもないみたいね。
	4;500
@123
	17;2;2
	16;何でこんな所に迷い込んできたのかしら。
	4;500
@124
	17;1;9
	16;妖夢。
	4;500
@125
	17;1;2
	16;あの月の顔を見るのは忌まわしい事よ。
	4;500
@126
	17;1;2
	16;今すぐに見るのをやめなさい。
	4;500
@127
	17;0;9
	16;え、えぇ、そうなのですか？
	4;500
@128
	17;2;2
	16;本当の月は忌まわしいもの。
	8;2;0;永琳
	4;500
@129
	17;2;3
	16;地上人はその事を忘れて久しい。
	4;500
@130
	17;2;5
	16;貴方は懐かしい人ね。
	4;500
@131
	17;2;2
	16;いや、人だった者かな？
	4;500
@132
	17;1;3
	16;まだまだ人のつもりだけど。
	4;500
@133
	17;1;2
	16;でもね、この娘はまだ半分人なの。
	4;500
@134
	17;1;8
	16;半分だけでもおかしくなったら困るわ。
	4;500
@135
	17;0;8
	16;幽々子さま。
	16;月を見ないであいつを見るのは無理です！
	4;500
@136
	17;1;2
	16;心の目で見るのよ。
	4;500
@137
	17;1;3
	16;その大きな半幽霊は何の為に付いているの？
	4;500
@138
	17;0;7
	16;心眼の為ではないですよ。
	4;500
@139
	17;2;5
	16;楽しいわね。
	4;500
@140
	17;2;2
	16;穢い人間でも妖怪でもない者か。
	4;500
@141
	17;2;5
	16;見ていて気持ちのいい位、何にもないのね。
	4;500
@142
	17;0;8
	16;幽々子さま、大変です。
	16;目を瞑ったら真っ暗です！
	4;500
@143
	17;2;7
	16;少しくらいこの満月みて狂った方が
	16;いいんじゃない？
	4;500
@144
	17;1;3
	16;見えなくても刀は物を斬れるでしょう？
	4;500
@145
	17;2;2
	16;で、今日はどうしたの？
	16;幽霊が何の用なの？
	4;500
@146
	17;1;2
	16;珠はね、少しでも欠けると価値は無くなるの。
	4;500
@147
	17;1;5
	16;それは、永遠に丸のままではいられないからよ。
	4;500
@148
	17;1;2
	16;でもね、その傷が付いた珠も、転がしている
	16;うちにまた珠に戻る。
	4;500
@149
	17;1;3
	16;そういうことでしょう？
	4;500
@150
	17;0;3
	16;あー、急に目を開けると眩しさに眼が眩む。
	4;500
@151
	17;2;2
	16;そう、永遠とはそういうこと。
	16;ワビの世界よ。
	4;500
@152
	17;2;5
	16;実は私、永遠を操る事が出来るの。
	4;500
@153
	17;1;3
	16;ってことは、今夜を止めていたのも
	16;貴方かしら？
	4;500
@154
	17;0;9
	16;え？
	16;幽々子さま、それはその……。
	4;500
@155
	17;2;2
	16;そんな酷い事をするのは私じゃないわ。
	4;500
@156
	17;2;5
	16;これは信じていいわよ。
	4;500
@157
	17;1;2
	16;まぁ、どうでもいいわそんなこと。
	4;500
@158
	17;1;4
	16;私は、幻想郷に満月が戻ればそれでいいの。
	4;500
@159
	17;1;3
	16;朝にはそのうちなるでしょうし。
	4;500
@160
	17;0;4
	16;良く言いますね。
	4;500
@161
	17;1;2
	16;妖夢、これは最後の命令よ。
	4;500
@162
	17;1;3
	16;目の前の永遠を斬りなさい。
	4;500
@163
	17;2;2
	16;あら、永遠は傷が付いても永遠よ。
	16;さっきそう言っていたでしょう？
	4;500
@164
	17;0;3
	16;だから斬るんですよね！
	16;この白楼剣で！
	4;500
@165
	17;1;2
	16;さっきはああ言ってたけど、夜を止め
	16;ていたのはこいつの仕業よ、きっと。
	4;500
@166
	17;0;7
	16;いや、それは違うと……。
	4;500
@167
	17;2;7
	16;違うって言ってるでしょ？
	4;500
@168
	17;2;2
	16;まぁいいわ。
	16;そんなに私と戦いたいのならやりましょう？
	4;500
@169
	17;2;2
	16;今まで、何人もの人間が敗れ去って
	16;いった五つの問題。
	4;500
@170
	17;2;3
	16;貴方達に幾つ解けるかしら？
	7;1
	4;500
	5;0;5
	5;1;5
	5;2;5
	13;0
@200
	0
	13;1
@0
	0
entry 2
@0
	1;0;1
	1;1;1
	1;2;2
	13;0
@60
	15;2;2;2;2;-1
	13;1
	16;ああもう。
	4;500
@61
	17;2;-2
	16;こっちに来させちゃ駄目だって言ってるのに。
	4;500
@62
	17;1;4
	16;妖夢。
	16;行くわよ。
	4;500
@63
	17;0;5
	16;ええ、行きますとも。
	4;500
	5;0;5
	5;1;5
	5;2;5
	13;0
@93
	0
	13;1
@0
	0
entry 3
@60
	15;2;-1;-1;-1;-1
	16;なんて事！
	4;500
@61
	17;2;-2
	16;そう、夜を止めていたのは……、
	4;500
@62
	17;2;-2
	16;貴方達だったのね。
	4;500
	7;2
	13;0
@92
	0
	13;1
@0
	0
entry 4
@0
	7;-1
	0
	0
entry 5
@60
	4;800
	9;0
@120
	4;800
	13;0
	12
	14
@560
	11
	10
@0
	0
entry 6
@60
	15;2;-1;-1;-1;-1
	16;貴方達が作った半端な永遠の夜なんて……
	4;500
	13;0
@90
	0
	13;1
@0
	0
entry 7
@60
	15;2;-1;-1;-1;-1
	16;私の永遠を操る術で全て破って見せる。
	4;500
	13;0
@90
	0
	13;1
@0
	0
entry 8
@60
	15;2;-1;-1;-1;-1
	16;夜明けはすぐそこにあるはずよ。
	4;500
	13;0
@90
	0
	13;1
@0
	0
entry 9
@60
	15;2;-1;-1;-1;-1
	16;どう？
	16;これで永夜の術は破れて、夜は明ける！
	4;500
	13;0
@90
	0
	13;1
@0
	0
